chr start end size windows mean_lassi max_lassi gene_start gene_end ensembl_id gene_name
A1 73110178 73171611 61433 2 20.14195 20.2494 72798084 73417349 ENSFCAG00000033716 FGF14
A1 213880960 214185738 304778 7 23.61938571 28.2472 214063739 214071177 ENSFCAG00000035314 RAD1
A1 213880960 214185738 304778 7 23.61938571 28.2472 213950642 213997999 ENSFCAG00000008826 AGXT2
A1 213880960 214185738 304778 7 23.61938571 28.2472 214050363 214063634 ENSFCAG00000042465 BRIX1
A1 213880960 214185738 304778 7 23.61938571 28.2472 214078038 214134174 ENSFCAG00000000514 TTC23L
A1 213880960 214185738 304778 7 23.61938571 28.2472 214021858 214050459 ENSFCAG00000029775 DNAJC21
A1 213880960 214185738 304778 7 23.61938571 28.2472 214139758 214284316 ENSFCAG00000000513 RAI14
A1 213880960 214185738 304778 7 23.61938571 28.2472 213893860 213934731 ENSFCAG00000008827 PRLR
A2 159469042 159575346 106304 2 20.66835 21.6236 159509514 159510446 ENSFCAG00000029483 OR2A5
A2 159469042 159575346 106304 2 20.66835 21.6236 159521672 159522604 ENSFCAG00000042035 OR2A25
A2 159469042 159575346 106304 2 20.66835 21.6236 159532914 159533846 ENSFCAG00000045668 OR2A12
A2 159469042 159575346 106304 2 20.66835 21.6236 159548625 159549557 ENSFCAG00000045096 OR2A14
A2 159469042 159575346 106304 2 20.66835 21.6236 159563124 159564550 ENSFCAG00000022619 OR2A2
A3 68394973 68630297 235324 7 32.36574286 38.7156 68595577 68596257 ENSFCAG00000011593 ATP6V1E2
A3 68394973 68630297 235324 7 32.36574286 38.7156 68564165 68568540 ENSFCAG00000005136 TMEM247
A3 68394973 68630297 235324 7 32.36574286 38.7156 68619645 68657950 ENSFCAG00000033287 RHOQ
A3 68394973 68630297 235324 7 32.36574286 38.7156 68405404 68489796 ENSFCAG00000013629 EPAS1
A3 101659969 101982611 322642 4 29.214875 33.125 101774045 101816877 ENSFCAG00000005140 SUCLG1
A3 101659969 101982611 322642 4 29.214875 33.125 101846530 102074369 ENSFCAG00000000768 DNAH6
A3 107718960 107775728 56768 1 19.2378 19.2378 107757751 107760265 ENSFCAG00000045827 ITPRIPL1
A3 107718960 107775728 56768 1 19.2378 19.2378 107717010 107752469 ENSFCAG00000010702 NCAPH
A3 123700118 124023177 323059 6 21.11038333 22.5099 123931647 123938177 ENSFCAG00000004306 PFN4
A3 123700118 124023177 323059 6 21.11038333 22.5099 123948459 123954316 ENSFCAG00000004305 TP53I3
A3 123700118 124023177 323059 6 21.11038333 22.5099 123890980 123906747 ENSFCAG00000037101 NA
A3 123700118 124023177 323059 6 21.11038333 22.5099 123910772 123930523 ENSFCAG00000028526 NA
A3 123700118 124023177 323059 6 21.11038333 22.5099 123954717 123964615 ENSFCAG00000031365 SF3B6
A3 123700118 124023177 323059 6 21.11038333 22.5099 123966626 123980028 ENSFCAG00000040740 FKBP1B
A3 123700118 124023177 323059 6 21.11038333 22.5099 124005746 124019699 ENSFCAG00000004302 MFSD2B
A3 123700118 124023177 323059 6 21.11038333 22.5099 124021020 124075261 ENSFCAG00000028218 UBXN2A
A3 123700118 124023177 323059 6 21.11038333 22.5099 123773721 123886363 ENSFCAG00000004308 ITSN2
A3 123700118 124023177 323059 6 21.11038333 22.5099 123991605 123997934 ENSFCAG00000004303 WDCP
B3 31237747 31487631 249884 2 18.96235 18.9693 31309531 31315410 ENSFCAG00000000066 ISL2
B3 31237747 31487631 249884 2 18.96235 18.9693 31190722 31267100 ENSFCAG00000006109 ETFA
B3 31237747 31487631 249884 2 18.96235 18.9693 31320515 31849648 ENSFCAG00000002872 SCAPER
B4 196483 416014 219531 4 21.9003 25.4922 241184 377368 ENSFCAG00000033980 ZMYND11
B4 196483 416014 219531 4 21.9003 25.4922 412691 823915 ENSFCAG00000000804 DIP2C
B4 454013 587742 133729 4 24.153925 27.0191 412691 823915 ENSFCAG00000000804 DIP2C
B4 1014234 1207005 192771 7 23.77361429 29.3928 1134891 1138944 ENSFCAG00000002714 IDI1
B4 1014234 1207005 192771 7 23.77361429 29.3928 1095015 1121265 ENSFCAG00000026213 GTPBP4
B4 1014234 1207005 192771 7 23.77361429 29.3928 1161426 1208760 ENSFCAG00000008956 WDR37
B4 15722815 15851888 129073 7 22.20468571 24.2173 15784336 16060857 ENSFCAG00000013560 CUBN
B4 15722815 15851888 129073 7 22.20468571 24.2173 15574652 15777121 ENSFCAG00000013559 RSU1
B4 18548061 18659967 111906 1 19.2378 19.2378 17872565 18634011 ENSFCAG00000039642 MALRD1
B4 38613191 38880104 266913 5 25.5653 33.329 38563472 38638010 ENSFCAG00000042291 TSPAN11
B4 38613191 38880104 266913 5 25.5653 33.329 38866281 38943539 ENSFCAG00000015741 CRACR2A
B4 38613191 38880104 266913 5 25.5653 33.329 38653853 38844681 ENSFCAG00000015736 PRMT8
B4 123341391 123410174 68783 2 21.06685 22.36 123343304 123380343 ENSFCAG00000023152 GAS2L3
C1 32238143 32301114 62971 1 19.476 19.476 32090105 32278087 ENSFCAG00000015324 SCMH1
C2 139012838 139078315 65477 1 22.1163 22.1163 138988848 139038157 ENSFCAG00000004454 EFHB
C2 139012838 139078315 65477 1 22.1163 22.1163 139074044 139093463 ENSFCAG00000040097 PP2D1
C2 139012838 139078315 65477 1 22.1163 22.1163 139042143 139073973 ENSFCAG00000039795 NA
D1 28319153 28646696 327543 4 28.438275 35.4648 28108014 29048289 ENSFCAG00000026782 NTM
D1 75086648 75271666 185018 3 24.83156667 28.0229 75110225 75112875 ENSFCAG00000033219 NA
D1 75086648 75271666 185018 3 24.83156667 28.0229 75144421 75150901 ENSFCAG00000042979 NA
D1 75086648 75271666 185018 3 24.83156667 28.0229 75179243 75179602 ENSFCAG00000043970 NA
D1 75086648 75271666 185018 3 24.83156667 28.0229 74896340 75117750 ENSFCAG00000007029 PLEKHA7
D1 75086648 75271666 185018 3 24.83156667 28.0229 75155867 75277314 ENSFCAG00000023161 PIK3C2A
D3 28015328 28889101 873773 41 113.0249707 190.315 28067525 28073757 ENSFCAG00000023783 NA
D3 28015328 28889101 873773 41 113.0249707 190.315 28235561 28238081 ENSFCAG00000029025 CCDC188
D3 28015328 28889101 873773 41 113.0249707 190.315 28266838 28271725 ENSFCAG00000004170 TRMT2A
D3 28015328 28889101 873773 41 113.0249707 190.315 28577010 28586338 ENSFCAG00000005446 TBX1
D3 28015328 28889101 873773 41 113.0249707 190.315 28618658 28619532 ENSFCAG00000032253 GP1BB
D3 28015328 28889101 873773 41 113.0249707 190.315 28763407 28764063 ENSFCAG00000029093 CLDN5
D3 28015328 28889101 873773 41 113.0249707 190.315 28829337 28832493 ENSFCAG00000025374 C22orf39
D3 28015328 28889101 873773 41 113.0249707 190.315 28074359 28098784 ENSFCAG00000028790 NA
D3 28015328 28889101 873773 41 113.0249707 190.315 28127530 28154661 ENSFCAG00000032911 RTN4R
D3 28015328 28889101 873773 41 113.0249707 190.315 28238795 28254734 ENSFCAG00000004172 ZDHHC8
D3 28015328 28889101 873773 41 113.0249707 190.315 28258938 28267737 ENSFCAG00000004171 RANBP1
D3 28015328 28889101 873773 41 113.0249707 190.315 28272262 28308850 ENSFCAG00000006801 DGCR8
D3 28015328 28889101 873773 41 113.0249707 190.315 28315181 28350663 ENSFCAG00000002688 TANGO2
D3 28015328 28889101 873773 41 113.0249707 190.315 28360767 28404736 ENSFCAG00000002686 ARVCF
D3 28015328 28889101 873773 41 113.0249707 190.315 28405626 28425693 ENSFCAG00000002684 COMT
D3 28015328 28889101 873773 41 113.0249707 190.315 28499674 28559695 ENSFCAG00000018235 GNB1L
D3 28015328 28889101 873773 41 113.0249707 190.315 28619523 28628929 ENSFCAG00000035936 NA
D3 28015328 28889101 873773 41 113.0249707 190.315 28766917 28834092 ENSFCAG00000004297 CDC45
D3 28015328 28889101 873773 41 113.0249707 190.315 28801353 28827581 ENSFCAG00000004294 UFD1
D3 28015328 28889101 873773 41 113.0249707 190.315 28841164 28934928 ENSFCAG00000002750 HIRA
D3 28015328 28889101 873773 41 113.0249707 190.315 28425701 28475966 ENSFCAG00000002682 TXNRD2
D3 28015328 28889101 873773 41 113.0249707 190.315 28833965 28840963 ENSFCAG00000002752 MRPL40
D3 29003082 29477076 473994 8 30.684975 44.7401 29082910 29085542 ENSFCAG00000009533 SLC25A1
D3 29003082 29477076 473994 8 30.684975 44.7401 29116243 29117534 ENSFCAG00000042776 GSC2
D3 29003082 29477076 473994 8 30.684975 44.7401 29133106 29134194 ENSFCAG00000009531 TSSK2
D3 29003082 29477076 473994 8 30.684975 44.7401 29138907 29140016 ENSFCAG00000023621 TSSK1B
D3 29003082 29477076 473994 8 30.684975 44.7401 29312370 29327078 ENSFCAG00000035533 ZNF74
D3 29003082 29477076 473994 8 30.684975 44.7401 28976605 29082225 ENSFCAG00000002747 CLTCL1
D3 29003082 29477076 473994 8 30.684975 44.7401 29121664 29130947 ENSFCAG00000029613 ESS2
D3 29003082 29477076 473994 8 30.684975 44.7401 29363202 29407815 ENSFCAG00000005998 KLHL22
D3 29003082 29477076 473994 8 30.684975 44.7401 29419199 29489190 ENSFCAG00000005999 MED15
D3 29003082 29477076 473994 8 30.684975 44.7401 29142760 29238147 ENSFCAG00000009527 DGCR2
D3 29003082 29477076 473994 8 30.684975 44.7401 29350843 29362874 ENSFCAG00000019214 SCARF2
D3 29733174 30163037 429863 10 46.01926 62.3444 29903238 29916239 ENSFCAG00000006002 SERPIND1
D3 29733174 30163037 429863 10 46.01926 62.3444 29975743 29978241 ENSFCAG00000003742 NA
D3 29733174 30163037 429863 10 46.01926 62.3444 29992713 29996324 ENSFCAG00000023903 HIC2
D3 29733174 30163037 429863 10 46.01926 62.3444 30107154 30109041 ENSFCAG00000008011 YDJC
D3 29733174 30163037 429863 10 46.01926 62.3444 30120210 30122253 ENSFCAG00000008014 SDF2L1
D3 29733174 30163037 429863 10 46.01926 62.3444 29730712 29746810 ENSFCAG00000006007 LZTR1
D3 29733174 30163037 429863 10 46.01926 62.3444 29768298 29808986 ENSFCAG00000006004 CRKL
D3 29733174 30163037 429863 10 46.01926 62.3444 29829048 29855302 ENSFCAG00000042983 SNAP29
D3 29733174 30163037 429863 10 46.01926 62.3444 30031154 30036079 ENSFCAG00000008005 NA
D3 29733174 30163037 429863 10 46.01926 62.3444 30034544 30102661 ENSFCAG00000008008 UBE2L3
D3 29733174 30163037 429863 10 46.01926 62.3444 30128127 30138194 ENSFCAG00000031033 NA
D3 29733174 30163037 429863 10 46.01926 62.3444 29747755 29762110 ENSFCAG00000006006 AIFM3
D3 29733174 30163037 429863 10 46.01926 62.3444 29855475 29967548 ENSFCAG00000006001 PI4KA
D3 29733174 30163037 429863 10 46.01926 62.3444 30139478 30174510 ENSFCAG00000002622 PPIL2
D3 30363933 30748187 384254 11 66.11359091 107.203 30510341 30510881 ENSFCAG00000046581 VPREB1
D3 30363933 30748187 384254 11 66.11359091 107.203 30574190 30575536 ENSFCAG00000034836 ZNF70
D3 30363933 30748187 384254 11 66.11359091 107.203 30580573 30581872 ENSFCAG00000004058 VPREB3
D3 30363933 30748187 384254 11 66.11359091 107.203 30585450 30587684 ENSFCAG00000004065 NA
D3 30363933 30748187 384254 11 66.11359091 107.203 30592099 30602474 ENSFCAG00000015309 MMP11
D3 30363933 30748187 384254 11 66.11359091 107.203 30694697 30695585 ENSFCAG00000004071 MIF
D3 30363933 30748187 384254 11 66.11359091 107.203 30356230 30386350 ENSFCAG00000002630 PPM1F
D3 30363933 30748187 384254 11 66.11359091 107.203 30391409 30408546 ENSFCAG00000002631 TOP3B
D3 30363933 30748187 384254 11 66.11359091 107.203 30587829 30589776 ENSFCAG00000004059 CHCHD10
D3 30363933 30748187 384254 11 66.11359091 107.203 30602976 30639882 ENSFCAG00000004068 SMARCB1
D3 30363933 30748187 384254 11 66.11359091 107.203 30634961 30644435 ENSFCAG00000004069 DERL3
D3 30363933 30748187 384254 11 66.11359091 107.203 30530698 30544799 ENSFCAG00000040179 NA
D3 30363933 30748187 384254 11 66.11359091 107.203 30657317 30678101 ENSFCAG00000004070 NA
D3 51550006 51581755 31749 1 25.6768 25.6768 51406876 51653328 ENSFCAG00000003134 CHST9
D3 74023276 74344266 320990 21 137.4645619 165.969 73790195 74937612 ENSFCAG00000012953 DCC
D3 85105239 85422344 317105 8 30.2504 35.1296 85194348 85318596 ENSFCAG00000019323 CDH7
D4 76979847 77145009 165162 5 34.06392 43.5086 76919625 77015039 ENSFCAG00000004938 TNC
E1 13686833 14024687 337854 16 85.7692125 115.657 13717429 13718376 ENSFCAG00000036646 NA
E1 13686833 14024687 337854 16 85.7692125 115.657 13743248 13744195 ENSFCAG00000029700 NA
E1 13686833 14024687 337854 16 85.7692125 115.657 13764161 13766578 ENSFCAG00000038435 NA
E1 13686833 14024687 337854 16 85.7692125 115.657 13790219 13791184 ENSFCAG00000033926 OR3A3
E1 13686833 14024687 337854 16 85.7692125 115.657 13847096 13848025 ENSFCAG00000042337 NA
E1 13686833 14024687 337854 16 85.7692125 115.657 13869613 13870542 ENSFCAG00000041995 NA
E1 13686833 14024687 337854 16 85.7692125 115.657 13882243 13883172 ENSFCAG00000046628 NA
E1 13686833 14024687 337854 16 85.7692125 115.657 13896229 13897170 ENSFCAG00000009157 OR1G1
E1 13686833 14024687 337854 16 85.7692125 115.657 13908516 13909457 ENSFCAG00000041953 NA
E1 13686833 14024687 337854 16 85.7692125 115.657 13934267 13935208 ENSFCAG00000045989 NA
E1 13686833 14024687 337854 16 85.7692125 115.657 13943799 13944794 ENSFCAG00000031088 NA
E1 13686833 14024687 337854 16 85.7692125 115.657 13796730 13896658 ENSFCAG00000039141 NA
E1 13686833 14024687 337854 16 85.7692125 115.657 13982157 14208638 ENSFCAG00000007849 RAP1GAP2
E1 18850880 18874645 23765 1 23.0905 23.0905 18751912 18862518 ENSFCAG00000009214 NOS2
E1 18850880 18874645 23765 1 23.0905 23.0905 18863394 18878778 ENSFCAG00000009212 NA
E1 24608999 24811531 202532 7 31.60872857 33.371 24629058 24637098 ENSFCAG00000007033 DHRS11
E1 24608999 24811531 202532 7 31.60872857 33.371 24680706 24682211 ENSFCAG00000026395 PIGW
E1 24608999 24811531 202532 7 31.60872857 33.371 24716091 24716216 ENSFCAG00000041062 NA
E1 24608999 24811531 202532 7 31.60872857 33.371 24623880 24627394 ENSFCAG00000031667 MRM1
E1 24608999 24811531 202532 7 31.60872857 33.371 24686415 24715225 ENSFCAG00000011616 MYO19
E1 24608999 24811531 202532 7 31.60872857 33.371 24636968 24674191 ENSFCAG00000007032 GGNBP2
E2 32965021 33149821 184800 3 22.84063333 24.9385 33010242 33165716 ENSFCAG00000022534 CHD9
E3 40082531 40151200 68669 2 21.4301 22.2354 38153519 40233347 ENSFCAG00000025322 RBFOX1
F1 18741074 19010951 269877 7 36.40734286 45.0903 18348959 19044324 ENSFCAG00000026642 RABGAP1L
F2 76042069 76165826 123757 5 25.32878 29.9333 75895385 76207843 ENSFCAG00000000984 KCNQ3
