chr	start	end	windows	mean_lassi	max_lassi
A1	73090178	73191611	2	20.14195	20.2494
A1	85794082	85839530	1	19.621	19.621
A1	150934339	151092955	3	26.3537	27.0449
A1	213860960	214205738	7	23.61938571	28.2472
A2	159449042	159595346	2	20.66835	21.6236
A3	7521352	7610916	1	24.2915	24.2915
A3	68374973	68650297	7	32.36574286	38.7156
A3	101639969	102002611	4	29.214875	33.125
A3	107698960	107795728	1	19.2378	19.2378
A3	123680118	124043177	6	21.11038333	22.5099
B1	168691934	168775411	1	29.9118	29.9118
B1	183070133	183138248	1	36.1824	36.1824
B1	183553297	183749652	7	27.9384	41.4589
B2	96304687	96530233	5	25.04214	29.8439
B3	31217747	31507631	2	18.96235	18.9693
B3	132897033	133121157	5	28.6298	31.4528
B4	176483	436014	4	21.9003	25.4922
B4	434013	607742	4	24.153925	27.0191
B4	994234	1227005	7	23.77361429	29.3928
B4	15702815	15871888	7	22.20468571	24.2173
B4	18528061	18679967	1	19.2378	19.2378
B4	38593191	38900104	5	25.5653	33.329
B4	123321391	123430174	2	21.06685	22.36
C1	32218143	32321114	1	19.476	19.476
C1	125698422	125983408	7	25.49238571	29.5285
C1	152693872	152883458	2	21.71405	21.777
C2	105383318	105726137	8	33.32905	45.8822
C2	112802536	112916382	1	22.1313	22.1313
C2	138992838	139098315	1	22.1163	22.1163
D1	28299153	28666696	4	28.438275	35.4648
D1	53094120	53265568	2	22.92585	24.534
D1	75066648	75291666	3	24.83156667	28.0229
D1	93908129	94050496	2	20.70765	21.1062
D1	95958220	96184957	5	43.11426	52.7343
D3	27995328	28909101	41	113.0249707	190.315
D3	28983082	29497076	8	30.684975	44.7401
D3	29713174	30183037	10	46.01926	62.3444
D3	30343933	30768187	11	66.11359091	107.203
D3	51530006	51601755	1	25.6768	25.6768
D3	74003276	74364266	21	137.4645619	165.969
D3	85085239	85442344	8	30.2504	35.1296
D4	31468849	33592515	2	27.9625	27.9635
D4	76959847	77165009	5	34.06392	43.5086
E1	13666833	14044687	16	85.7692125	115.657
E1	18830880	18894645	1	23.0905	23.0905
E1	24588999	24831531	7	31.60872857	33.371
E2	25924496	26108964	8	36.9007625	37.592
E2	32945021	33169821	3	22.84063333	24.9385
E2	43410965	43611100	4	30.34535	41.0627
E3	40062531	40171200	2	21.4301	22.2354
F1	18721074	19030951	7	36.40734286	45.0903
F2	28905910	29122605	3	20.73546667	23.1143
F2	76022069	76185826	5	25.32878	29.9333
F2	80466578	80569006	1	26.8403	26.8403
F2	81617343	81678253	1	21.8562	21.8562
