chr	start	end	size	windows	mean_lassi	max_lassi
A1	73110178	73171611	61433	2	20.14195	20.2494
A1	85814082	85819530	5448	1	19.621	19.621
A1	150954339	151072955	118616	3	26.3537	27.0449
A1	213880960	214185738	304778	7	23.61938571	28.2472
A2	159469042	159575346	106304	2	20.66835	21.6236
A3	7541352	7590916	49564	1	24.2915	24.2915
A3	68394973	68630297	235324	7	32.36574286	38.7156
A3	101659969	101982611	322642	4	29.214875	33.125
A3	107718960	107775728	56768	1	19.2378	19.2378
A3	123700118	124023177	323059	6	21.11038333	22.5099
B1	168711934	168755411	43477	1	29.9118	29.9118
B1	183090133	183118248	28115	1	36.1824	36.1824
B1	183573297	183729652	156355	7	27.9384	41.4589
B2	96324687	96510233	185546	5	25.04214	29.8439
B3	31237747	31487631	249884	2	18.96235	18.9693
B3	132917033	133101157	184124	5	28.6298	31.4528
B4	196483	416014	219531	4	21.9003	25.4922
B4	454013	587742	133729	4	24.153925	27.0191
B4	1014234	1207005	192771	7	23.77361429	29.3928
B4	15722815	15851888	129073	7	22.20468571	24.2173
B4	18548061	18659967	111906	1	19.2378	19.2378
B4	38613191	38880104	266913	5	25.5653	33.329
B4	123341391	123410174	68783	2	21.06685	22.36
C1	32238143	32301114	62971	1	19.476	19.476
C1	125718422	125963408	244986	7	25.49238571	29.5285
C1	152713872	152863458	149586	2	21.71405	21.777
C2	105403318	105706137	302819	8	33.32905	45.8822
C2	112822536	112896382	73846	1	22.1313	22.1313
C2	139012838	139078315	65477	1	22.1163	22.1163
D1	28319153	28646696	327543	4	28.438275	35.4648
D1	53114120	53245568	131448	2	22.92585	24.534
D1	75086648	75271666	185018	3	24.83156667	28.0229
D1	93928129	94030496	102367	2	20.70765	21.1062
D1	95978220	96164957	186737	5	43.11426	52.7343
D3	28015328	28889101	873773	41	113.0249707	190.315
D3	29003082	29477076	473994	8	30.684975	44.7401
D3	29733174	30163037	429863	10	46.01926	62.3444
D3	30363933	30748187	384254	11	66.11359091	107.203
D3	51550006	51581755	31749	1	25.6768	25.6768
D3	74023276	74344266	320990	21	137.4645619	165.969
D3	85105239	85422344	317105	8	30.2504	35.1296
D4	31488849	33572515	2083666	2	27.9625	27.9635
D4	76979847	77145009	165162	5	34.06392	43.5086
E1	13686833	14024687	337854	16	85.7692125	115.657
E1	18850880	18874645	23765	1	23.0905	23.0905
E1	24608999	24811531	202532	7	31.60872857	33.371
E2	25944496	26088964	144468	8	36.9007625	37.592
E2	32965021	33149821	184800	3	22.84063333	24.9385
E2	43430965	43591100	160135	4	30.34535	41.0627
E3	40082531	40151200	68669	2	21.4301	22.2354
F1	18741074	19010951	269877	7	36.40734286	45.0903
F2	28925910	29102605	176695	3	20.73546667	23.1143
F2	76042069	76165826	123757	5	25.32878	29.9333
F2	80486578	80549006	62428	1	26.8403	26.8403
F2	81637343	81658253	20910	1	21.8562	21.8562
