chr	start	end	nSNPs	pos	lc_nhaps	lc_uhaps	lc_h12	lc_h2h1	lc_m	lc_A	statistic	bp_add	bp_cum	dataset
A1	73110178	73152281	101	73131230	18	12	0.191358	0.578947	4	176799000	20.2494	0	73131230	saltiLASSI
A1	73131565	73171611	101	73151588.5	16	8	0.351562	0.5	4	176799000	20.0345	0	73151588.5	saltiLASSI
A1	85814082	85819530	101	85816806.5	38	25	0.15374	0.492063	3	176799000	19.621	0	85816806.5	saltiLASSI
A1	150954339	151005135	101	150979737.5	4	1	1	0	3	176799000	27.0449	0	150979737.5	saltiLASSI
A1	150975019	151030144	101	151002582	8	5	0.34375	0.714286	3	176799000	27.0437	0	151002582	saltiLASSI
A1	151005135	151072955	101	151039045.5	10	7	0.3	0.272727	3	176799000	24.9725	0	151039045.5	saltiLASSI
A1	213880960	213973955	101	213927458	8	8	0.15625	0.875	3	176799000	20.1212	0	213927458	saltiLASSI
A1	213956241	213989329	101	213972785.5	28	17	0.158163	0.402439	3	176799000	28.2472	0	213972785.5	saltiLASSI
A1	213973955	214013705	101	213993830.5	24	16	0.170139	0.3	3	176799000	24.8819	0	213993830.5	saltiLASSI
A1	213989329	214045631	101	214017480.5	34	22	0.131488	0.384615	3	176799000	24.8835	0	214017480.5	saltiLASSI
A1	214013705	214085908	101	214049807	34	25	0.108997	0.416667	3	176799000	21.7925	0	214049807	saltiLASSI
A1	214045631	214133973	101	214089802.5	32	24	0.119141	0.221154	3	176799000	26.194	0	214089802.5	saltiLASSI
A1	214085908	214185738	101	214135823.5	16	14	0.109375	0.8	3	176799000	19.2154	0	214135823.5	saltiLASSI
A2	159469042	159518411	101	159493727	16	10	0.28125	0.25	3	176799000	19.7131	242039942	401533669	saltiLASSI
A2	159518411	159575346	101	159546879	36	29	0.0725309	0.609375	3	176799000	21.6236	242039942	401586821	saltiLASSI
A3	7541352	7590916	101	7566134.5	36	19	0.265432	0.114173	1	620.033	24.2915	413326851.5	420892986	saltiLASSI
A3	68394973	68441108	101	68418041	24	17	0.142361	0.519231	3	176799000	26.1762	413326851.5	481744892.5	saltiLASSI
A3	68422194	68461725	101	68441960	12	11	0.125	0.714286	3	176799000	38.7156	413326851.5	481768811.5	saltiLASSI
A3	68441108	68508913	101	68475011	18	15	0.117284	0.466667	3	176799000	34.7133	413326851.5	481801862.5	saltiLASSI
A3	68461725	68548093	101	68504909.5	32	26	0.0859375	0.337838	2	176799000	24.8196	413326851.5	481831761	saltiLASSI
A3	68508913	68572993	101	68540953.5	36	24	0.149691	0.193333	1	287962	33.0804	413326851.5	481867805	saltiLASSI
A3	68548093	68609186	101	68578640	34	23	0.16436	0.171233	1	176799000	34.5317	413326851.5	481905491.5	saltiLASSI
A3	68572993	68630297	101	68601645.5	22	17	0.11157	0.75	1	176799000	34.5234	413326851.5	481928497	saltiLASSI
A3	101659969	101772322	101	101716146	6	6	0.222222	0.833333	2	176799000	21.9398	413326851.5	515042997.5	saltiLASSI
A3	101741072	101809941	101	101775507	36	15	0.325617	0.295833	2	176799000	32.6389	413326851.5	515102358.5	saltiLASSI
A3	101772322	101876723	101	101824523	38	21	0.217452	0.425287	2	176799000	33.125	413326851.5	515151374.5	saltiLASSI
A3	101809941	101982611	101	101896276.5	4	3	0.625	0.333333	2	176799000	29.1558	413326851.5	515223128	saltiLASSI
A3	107718960	107775728	101	107747344.5	34	19	0.214533	0.137755	1	819.669	19.2378	413326851.5	521074196	saltiLASSI
A3	123700118	123883055	101	123791587	6	6	0.222222	0.833333	3	176799000	18.799	413326851.5	537118438.5	saltiLASSI
A3	123814749	123909851	101	123862300.5	38	27	0.119114	0.64	3	176799000	22.5099	413326851.5	537189152	saltiLASSI
A3	123883055	123935111	101	123909083.5	36	24	0.149691	0.193333	3	250452	21.5518	413326851.5	537235935	saltiLASSI
A3	123909851	123950450	101	123930151	36	21	0.17284	0.395522	3	176799000	20.972	413326851.5	537257002.5	saltiLASSI
A3	123935111	123974298	101	123954705	16	13	0.117188	0.818182	3	176799000	20.9675	413326851.5	537281556.5	saltiLASSI
A3	123950450	124023177	101	123986814	6	6	0.222222	0.833333	3	176799000	21.8621	413326851.5	537313665.5	saltiLASSI
B1	168711934	168755411	101	168733673	36	11	0.530864	0.0774059	1	1647.02	29.9118	556391961.5	725125634.5	saltiLASSI
B1	183090133	183118248	101	183104191	30	8	0.551111	0.0384615	1	3309.46	36.1824	556391961.5	739496152.5	saltiLASSI
B1	183573297	183613875	101	183593586.5	22	19	0.0867769	0.7	4	176799000	31.2906	556391961.5	739985548	saltiLASSI
B1	183593758	183629702	101	183611730.5	36	29	0.0555556	0.833333	4	176799000	31.2914	556391961.5	740003692	saltiLASSI
B1	183613875	183667750	101	183640813	36	23	0.0941358	0.581395	4	176799000	41.4589	556391961.5	740032774.5	saltiLASSI
B1	183629702	183678138	101	183653920.5	36	23	0.108025	0.608696	4	176799000	31.7879	556391961.5	740045882	saltiLASSI
B1	183667750	183695492	101	183681621.5	36	22	0.123457	0.528846	4	176799000	20.4513	556391961.5	740073583	saltiLASSI
B1	183678138	183706425	101	183692282	36	22	0.140432	0.5625	4	176799000	20.4518	556391961.5	740084243.5	saltiLASSI
B1	183695492	183729652	101	183712572.5	34	20	0.17128	0.275362	4	94284.6	18.8369	556391961.5	740104534	saltiLASSI
B2	96324687	96379642	101	96352165	32	18	0.189453	0.554545	4	176799000	29.8439	764481376.5	860833541.5	saltiLASSI
B2	96346871	96398558	101	96372715	30	20	0.0933333	0.733333	4	176799000	25.1688	764481376.5	860854091.5	saltiLASSI
B2	96379642	96427085	101	96403364	32	18	0.121094	0.702381	4	176799000	24.4356	764481376.5	860884740.5	saltiLASSI
B2	96398558	96464611	101	96431585	36	19	0.16821	0.634328	4	176799000	24.0622	764481376.5	860912961.5	saltiLASSI
B2	96427085	96510233	101	96468659.5	36	18	0.266975	0.121094	1	1083.58	21.7002	764481376.5	860950036	saltiLASSI
B3	31237747	31457566	101	31347657	16	12	0.179688	0.305556	1	176799000	18.9554	919544015	950891672	saltiLASSI
B3	31360278	31487631	101	31423955	18	10	0.333333	0.1	1	176799000	18.9693	919544015	950967970	saltiLASSI
B3	132917033	133003523	101	132960278.5	4	4	0.375	0.75	2	176799000	30.4177	919544015	1052504293.5	saltiLASSI
B3	132974249	133028288	101	133001269	8	8	0.15625	0.875	2	176799000	31.4528	919544015	1052545284	saltiLASSI
B3	133003523	133051645	101	133027584.5	32	18	0.265625	0.445205	2	82002.9	25.9301	919544015	1052571599.5	saltiLASSI
B3	133028288	133070940	101	133049614.5	38	26	0.135734	0.203947	2	62030.5	29.1127	919544015	1052593629.5	saltiLASSI
B3	133051645	133101157	101	133076401.5	36	21	0.214506	0.117117	1	17664.4	26.2357	919544015	1052620416.5	saltiLASSI
B4	196483	265508	101	230996	24	14	0.270833	0.137931	1	176799000	25.4922	1069178256	1069409252	saltiLASSI
B4	232869	316759	101	274814.5	20	14	0.19	0.209677	1	176799000	23.3805	1069178256	1069453070.5	saltiLASSI
B4	265508	343225	101	304367	6	3	0.722222	0.111111	2	176799000	19.8904	1069178256	1069482623	saltiLASSI
B4	343225	416014	101	379620	4	4	0.375	0.75	3	176799000	18.8381	1069178256	1069557876	saltiLASSI
B4	454013	495238	101	474626	36	28	0.0848765	0.513514	3	176799000	27.0191	1069178256	1069652882	saltiLASSI
B4	473055	514147	101	493601.5	38	31	0.066482	0.5	3	176799000	25.6752	1069178256	1069671857.5	saltiLASSI
B4	495238	540934	101	518086.5	38	32	0.0567867	0.724138	3	176799000	24.8193	1069178256	1069696342.5	saltiLASSI
B4	514147	587742	101	550945	36	30	0.0709877	0.596774	3	176799000	19.1021	1069178256	1069729201	saltiLASSI
B4	1014234	1107888	101	1061061.5	6	5	0.333333	0.5	3	176799000	21.3249	1069178256	1070239317.5	saltiLASSI
B4	1090746	1113841	101	1102294	28	14	0.27551	0.264706	3	176799000	29.3928	1069178256	1070280550	saltiLASSI
B4	1107888	1121354	101	1114621.5	34	19	0.238754	0.109091	3	108406	25.9875	1069178256	1070292877.5	saltiLASSI
B4	1113841	1144027	101	1128934.5	34	19	0.152249	0.336066	3	380679	24.3474	1069178256	1070307190.5	saltiLASSI
B4	1121354	1166780	101	1144067.5	38	21	0.110803	0.772727	3	176799000	24.1323	1069178256	1070322323.5	saltiLASSI
B4	1144027	1186455	101	1165241.5	38	23	0.126039	0.367187	3	176799000	20.6176	1069178256	1070343497.5	saltiLASSI
B4	1166780	1207005	101	1186893	14	11	0.173469	0.590909	3	176799000	20.6128	1069178256	1070365149	saltiLASSI
B4	15722815	15742591	101	15732703.5	16	11	0.226562	0.342105	3	176799000	24.2137	1069178256	1084910959.5	saltiLASSI
B4	15734456	15768237	101	15751347	14	10	0.22449	0.428571	3	176799000	24.2173	1069178256	1084929603	saltiLASSI
B4	15742591	15782161	101	15762376.5	32	16	0.269531	0.146465	3	176799000	21.7846	1069178256	1084940632.5	saltiLASSI
B4	15768237	15797175	101	15782706.5	30	25	0.0688889	0.795455	3	176799000	21.7856	1069178256	1084960962.5	saltiLASSI
B4	15782161	15810991	101	15796576.5	26	22	0.0828402	0.763158	3	1336800	19.6719	1069178256	1084974832.5	saltiLASSI
B4	15797175	15827428	101	15812302	32	23	0.138672	0.235849	3	176799000	21.9331	1069178256	1084990558	saltiLASSI
B4	15810991	15851888	101	15831440	32	19	0.167969	0.313559	3	176799000	21.8266	1069178256	1085009696	saltiLASSI
B4	18548061	18659967	101	18604014.5	34	19	0.214533	0.137755	1	1647.02	19.2378	1069178256	1087782270.5	saltiLASSI
B4	38613191	38694635	101	38653913.5	16	13	0.140625	0.625	3	176799000	26.3449	1069178256	1107832169.5	saltiLASSI
B4	38641397	38711572	101	38676485	16	10	0.234375	0.375	3	176799000	19.4046	1069178256	1107854741	saltiLASSI
B4	38694635	38729943	101	38712289.5	36	11	0.458333	0.0576923	1	23351.9	33.329	1069178256	1107890545.5	saltiLASSI
B4	38711572	38764831	101	38738202	34	13	0.306228	0.147727	1	46922.6	25.4985	1069178256	1107916458	saltiLASSI
B4	38729943	38880104	101	38805024	28	24	0.0637755	0.763158	1	176799000	23.2495	1069178256	1107983280	saltiLASSI
B4	123341391	123389364	101	123365378	36	17	0.268519	0.127907	1	30870.7	22.36	1069178256	1192543634	saltiLASSI
B4	123364270	123410174	101	123387222.5	28	17	0.206633	0.180328	1	40810.3	19.7737	1069178256	1192565478.5	saltiLASSI
C1	32238143	32301114	101	32269629	34	19	0.264706	0.163366	2	1083.58	19.476	1213586356	1245855985	saltiLASSI
C1	125718422	125792637	101	125755530	12	9	0.180556	0.777778	4	176799000	19.6081	1213586356	1339341886	saltiLASSI
C1	125750350	125818336	101	125784343.5	6	4	0.5	0.6	3	176799000	27.8339	1213586356	1339370699.5	saltiLASSI
C1	125792637	125846805	101	125819721.5	20	13	0.195	0.333333	3	176799000	29.5285	1213586356	1339406077.5	saltiLASSI
C1	125818336	125875431	101	125846884	36	20	0.216049	0.217391	3	164774	24.3906	1213586356	1339433240	saltiLASSI
C1	125846805	125896836	101	125871821	38	22	0.142659	0.395522	3	380679	26.0445	1213586356	1339458177	saltiLASSI
C1	125875431	125911679	101	125893555.5	38	15	0.272853	0.362832	3	176799000	26.8878	1213586356	1339479911.5	saltiLASSI
C1	125896836	125963408	101	125930122.5	36	22	0.121914	0.519608	4	176799000	24.1533	1213586356	1339516478.5	saltiLASSI
C1	152713872	152805757	101	152759815	30	16	0.195556	0.537736	3	176799000	21.777	1213586356	1366346171	saltiLASSI
C1	152763457	152863458	101	152813458	24	14	0.204861	0.632353	4	176799000	21.6511	1213586356	1366399814	saltiLASSI
C2	105403318	105479447	101	105441383	30	18	0.164444	0.590909	4	176799000	21.2054	1436174736	1541616119	saltiLASSI
C2	105443505	105501063	101	105472284.5	38	22	0.157895	0.253086	4	176799000	20.2894	1436174736	1541647020.5	saltiLASSI
C2	105479447	105537261	101	105508354.5	30	22	0.0755556	0.692308	3	176799000	29.8105	1436174736	1541683090.5	saltiLASSI
C2	105501063	105554131	101	105527597.5	30	18	0.235556	0.171233	3	176799000	36.5391	1436174736	1541702333.5	saltiLASSI
C2	105537261	105584347	101	105560804.5	34	16	0.271626	0.195238	3	176799000	45.8822	1436174736	1541735540.5	saltiLASSI
C2	105554131	105615266	101	105584699	18	12	0.191358	0.578947	3	176799000	41.7396	1436174736	1541759435	saltiLASSI
C2	105584347	105642120	101	105613234	20	11	0.28	0.596774	3	176799000	33.0681	1436174736	1541787970	saltiLASSI
C2	105615266	105706137	101	105660702	34	17	0.219723	0.549296	3	176799000	38.0981	1436174736	1541835438	saltiLASSI
C2	112822536	112896382	101	112859459.5	28	18	0.178571	0.304348	2	176799000	22.1313	1436174736	1549034195.5	saltiLASSI
C2	139012838	139078315	101	139045577	28	14	0.341837	0.0754717	1	819.669	22.1163	1436174736	1575220313	saltiLASSI
D1	28319153	28464795	101	28391974.5	38	29	0.102493	0.467391	2	176799000	22.2244	1597335698.5	1625727673	saltiLASSI
D1	28399503	28510982	101	28455243	38	26	0.135734	0.346774	3	176799000	30.3571	1597335698.5	1625790941.5	saltiLASSI
D1	28464795	28582917	101	28523856.5	38	24	0.17313	0.191011	2	176799000	35.4648	1597335698.5	1625859555	saltiLASSI
D1	28510982	28646696	101	28578839.5	36	30	0.0617284	0.714286	3	176799000	25.7068	1597335698.5	1625914538	saltiLASSI
D1	53114120	53212441	101	53163281	28	18	0.178571	0.416667	3	176799000	24.534	1597335698.5	1650498979.5	saltiLASSI
D1	53170790	53245568	101	53208179.5	26	19	0.14497	0.3	2	176799000	21.3177	1597335698.5	1650543878	saltiLASSI
D1	75086648	75160486	101	75123567.5	36	21	0.17284	0.181818	1	53950.3	18.8975	1597335698.5	1672459266	saltiLASSI
D1	75127979	75195938	101	75161959	24	13	0.274306	0.152542	1	176799000	27.5743	1597335698.5	1672497657.5	saltiLASSI
D1	75160486	75271666	101	75216076.5	24	16	0.197917	0.219512	1	176799000	28.0229	1597335698.5	1672551775	saltiLASSI
D1	93928129	93996794	101	93962462	28	22	0.0612245	0.9	4	176799000	20.3091	1597335698.5	1691298160.5	saltiLASSI
D1	93954840	94030496	101	93992668.5	28	16	0.160714	0.538462	4	176799000	21.1062	1597335698.5	1691328367	saltiLASSI
D1	95978220	96059274	101	96018747.5	12	11	0.125	0.714286	1	176799000	52.7343	1597335698.5	1693354446	saltiLASSI
D1	96031091	96101304	101	96066198	36	19	0.175926	0.413043	1	176799000	37.7377	1597335698.5	1693401896.5	saltiLASSI
D1	96059274	96122017	101	96090646	14	6	0.530612	0.0581395	1	176799000	37.7467	1597335698.5	1693426344.5	saltiLASSI
D1	96101304	96132652	101	96116978.5	14	7	0.438776	0.0857143	1	143310	40.5577	1597335698.5	1693452677	saltiLASSI
D1	96122017	96164957	101	96143487.5	32	12	0.482422	0.0338164	1	164774	46.7949	1597335698.5	1693479186	saltiLASSI
D3	28015328	28068178	101	28041753.5	28	22	0.0816327	0.804348	3	176799000	48.3698	1804733701	1832775454.5	saltiLASSI
D3	28033964	28082585	101	28058275	30	16	0.24	0.142857	3	176799000	59.5907	1804733701	1832791976	saltiLASSI
D3	28068178	28093361	101	28080770	34	18	0.240484	0.208791	4	176799000	61.9434	1804733701	1832814471	saltiLASSI
D3	28082585	28106470	101	28094528	14	9	0.234694	0.466667	3	176799000	67.0123	1804733701	1832828229	saltiLASSI
D3	28093361	28115736	101	28104549	14	8	0.295918	0.342105	4	176799000	70.8429	1804733701	1832838250	saltiLASSI
D3	28106470	28132589	101	28119530	38	15	0.256233	0.52381	4	176799000	79.8683	1804733701	1832853231	saltiLASSI
D3	28115736	28146485	101	28131111	36	18	0.20679	0.404762	4	176799000	87.2236	1804733701	1832864812	saltiLASSI
D3	28132589	28160732	101	28146661	32	20	0.208984	0.182432	4	176799000	106.339	1804733701	1832880362	saltiLASSI
D3	28146485	28167218	101	28156852	34	17	0.223183	0.288235	4	176799000	121.961	1804733701	1832890553	saltiLASSI
D3	28160732	28174791	101	28167762	38	19	0.137119	0.522388	4	176799000	123.778	1804733701	1832901463	saltiLASSI
D3	28167218	28183485	101	28175352	38	18	0.15374	0.549296	3	176799000	149.541	1804733701	1832909053	saltiLASSI
D3	28174791	28192446	101	28183619	38	20	0.137119	0.617187	3	176799000	139.699	1804733701	1832917320	saltiLASSI
D3	28183485	28200828	101	28192157	36	19	0.126543	0.448276	3	176799000	175.747	1804733701	1832925858	saltiLASSI
D3	28192446	28214595	101	28203521	36	22	0.135802	0.264706	3	176799000	182.467	1804733701	1832937222	saltiLASSI
D3	28200828	28221975	101	28211402	38	18	0.148199	0.659722	3	176799000	181.977	1804733701	1832945103	saltiLASSI
D3	28214595	28229458	101	28222027	38	17	0.231302	0.484536	3	176799000	190.315	1804733701	1832955728	saltiLASSI
D3	28221975	28243789	101	28232882.5	36	16	0.21142	0.512048	3	176799000	186.277	1804733701	1832966583.5	saltiLASSI
D3	28229458	28258803	101	28244131	32	17	0.177734	0.5625	3	176799000	186.282	1804733701	1832977832	saltiLASSI
D3	28243789	28269530	101	28256660	34	14	0.283737	0.559783	3	176799000	181.224	1804733701	1832990361	saltiLASSI
D3	28258803	28280209	101	28269506.5	38	13	0.414127	0.197222	3	176799000	165.765	1804733701	1833003207.5	saltiLASSI
D3	28269530	28299707	101	28284619	38	10	0.590028	0.0287356	3	176799000	166.529	1804733701	1833018320	saltiLASSI
D3	28280209	28318254	101	28299232	38	7	0.757618	0.00927835	3	176799000	180.445	1804733701	1833032933	saltiLASSI
D3	28299707	28330470	101	28315089	38	13	0.414127	0.251462	3	176799000	179.346	1804733701	1833048790	saltiLASSI
D3	28318254	28345110	101	28331682.5	38	14	0.270083	0.565217	3	176799000	180.547	1804733701	1833065383.5	saltiLASSI
D3	28330470	28359457	101	28344964	34	16	0.186851	0.628788	3	176799000	167.896	1804733701	1833078665	saltiLASSI
D3	28345110	28374103	101	28359607	34	16	0.193772	0.65	3	176799000	164.063	1804733701	1833093308	saltiLASSI
D3	28359457	28385310	101	28372384	38	16	0.204986	0.652174	3	176799000	153.718	1804733701	1833106085	saltiLASSI
D3	28374103	28402227	101	28388165.5	38	14	0.200831	0.640449	3	176799000	133.955	1804733701	1833121866.5	saltiLASSI
D3	28385310	28414327	101	28399819	36	13	0.334877	0.263158	3	176799000	107.592	1804733701	1833133520	saltiLASSI
D3	28402227	28450517	101	28426372.5	22	13	0.18595	0.724138	3	176799000	71.9296	1804733701	1833160073.5	saltiLASSI
D3	28414327	28472274	101	28443301	22	14	0.173554	0.692308	3	176799000	54.2354	1804733701	1833177002	saltiLASSI
D3	28450517	28527115	101	28488816.5	30	20	0.14	0.416667	3	176799000	34.6871	1804733701	1833222517.5	saltiLASSI
D3	28472274	28561172	101	28516723.5	14	9	0.285714	0.305556	3	176799000	40.5986	1804733701	1833250424.5	saltiLASSI
D3	28527115	28588299	101	28557707.5	16	11	0.226562	0.342105	2	176799000	44.471	1804733701	1833291408.5	saltiLASSI
D3	28561172	28639407	101	28600290	38	24	0.138504	0.285714	2	176799000	62.0592	1804733701	1833333991	saltiLASSI
D3	28588299	28672636	101	28630468	34	22	0.147059	0.301724	2	176799000	68.6254	1804733701	1833364169	saltiLASSI
D3	28639407	28704669	101	28672038.5	34	17	0.32526	0.0616883	2	176799000	68.4681	1804733701	1833405739.5	saltiLASSI
D3	28672636	28766328	101	28719482.5	36	17	0.296296	0.258772	2	176799000	64.2856	1804733701	1833453183.5	saltiLASSI
D3	28704669	28788658	101	28746664	28	16	0.237245	0.206349	2	176799000	54.4794	1804733701	1833480365	saltiLASSI
D3	28766328	28823111	101	28794720	26	19	0.12426	0.4	2	176799000	46.6472	1804733701	1833528421	saltiLASSI
D3	28788658	28889101	101	28838880	10	9	0.16	0.666667	3	176799000	23.2232	1804733701	1833572581	saltiLASSI
D3	29003082	29091190	101	29047136.5	22	16	0.161157	0.333333	2	176799000	25.0199	1804733701	1833780837.5	saltiLASSI
D3	29043796	29133976	101	29088886.5	38	19	0.200831	0.327778	2	176799000	24.3652	1804733701	1833822587.5	saltiLASSI
D3	29091190	29203312	101	29147251.5	38	19	0.242382	0.134615	2	176799000	25.7556	1804733701	1833880952.5	saltiLASSI
D3	29133976	29243316	101	29188646.5	38	22	0.126039	0.5625	2	176799000	38.8951	1804733701	1833922347.5	saltiLASSI
D3	29203312	29295388	101	29249350.5	38	21	0.114958	0.660377	2	176799000	44.7401	1804733701	1833983051.5	saltiLASSI
D3	29243316	29357566	101	29300441.5	36	20	0.217593	0.225806	2	176799000	32.2887	1804733701	1834034142.5	saltiLASSI
D3	29295388	29417880	101	29356634.5	30	15	0.335556	0.0702479	2	217827	26.2686	1804733701	1834090335.5	saltiLASSI
D3	29357566	29477076	101	29417321.5	30	19	0.16	0.571429	2	176799000	28.1466	1804733701	1834151022.5	saltiLASSI
D3	29733174	29806632	101	29769903.5	14	9	0.285714	0.181818	1	176799000	59.0922	1804733701	1834503604.5	saltiLASSI
D3	29767737	29842534	101	29805136	8	4	0.59375	0.107143	1	176799000	51.9737	1804733701	1834538837	saltiLASSI
D3	29806632	29881421	101	29844027	24	9	0.513889	0.0466102	1	217827	52.1711	1804733701	1834577728	saltiLASSI
D3	29842534	29911031	101	29876783	30	7	0.648889	0.0371179	2	176799000	60.9561	1804733701	1834610484	saltiLASSI
D3	29881421	29954723	101	29918072.5	16	10	0.28125	0.6	2	176799000	61.4461	1804733701	1834651773.5	saltiLASSI
D3	29911031	30002185	101	29956608.5	6	4	0.5	0.6	2	176799000	62.3444	1804733701	1834690309.5	saltiLASSI
D3	29954723	30049301	101	30002012.5	10	6	0.32	0.55	2	176799000	42.2628	1804733701	1834735713.5	saltiLASSI
D3	30002185	30090782	101	30046484	12	8	0.291667	0.21875	4	176799000	24.5985	1804733701	1834780185	saltiLASSI
D3	30049301	30123170	101	30086236	12	6	0.472222	0.0925926	3	176799000	24.1802	1804733701	1834819937	saltiLASSI
D3	30090782	30163037	101	30126910	16	10	0.28125	0.6	4	176799000	21.1675	1804733701	1834860611	saltiLASSI
D3	30363933	30409435	101	30386684.5	14	8	0.295918	0.342105	3	176799000	18.8288	1804733701	1835120385.5	saltiLASSI
D3	30391258	30461518	101	30426388.5	14	7	0.367347	0.404762	3	176799000	26.3704	1804733701	1835160089.5	saltiLASSI
D3	30409435	30512829	101	30461132.5	10	6	0.4	0.333333	3	176799000	36.3335	1804733701	1835194833.5	saltiLASSI
D3	30461518	30547380	101	30504449.5	22	11	0.367769	0.152542	3	176799000	46.5072	1804733701	1835238150.5	saltiLASSI
D3	30512829	30587078	101	30549954	14	7	0.438776	0.0857143	2	176799000	92.6284	1804733701	1835283655	saltiLASSI
D3	30547380	30607474	101	30577427.5	14	8	0.357143	0.125	2	176799000	107.203	1804733701	1835311128.5	saltiLASSI
D3	30587078	30643032	101	30615055.5	34	13	0.33737	0.216	1	176799000	95.872	1804733701	1835348756.5	saltiLASSI
D3	30607474	30674679	101	30641077	32	11	0.484375	0.113497	1	764924	87.9764	1804733701	1835374778	saltiLASSI
D3	30643032	30692671	101	30667852	36	11	0.530864	0.0774059	1	665283	80.579	1804733701	1835401553	saltiLASSI
D3	30674679	30709827	101	30692253.5	34	12	0.403114	0.124242	2	764924	71.0483	1804733701	1835425954.5	saltiLASSI
D3	30692671	30748187	101	30720429.5	14	13	0.102041	0.75	2	1162660	63.9025	1804733701	1835454130.5	saltiLASSI
D3	51550006	51581755	101	51565881	32	13	0.369141	0.0677419	1	469.02	25.6768	1804733701	1856299582	saltiLASSI
D3	74023276	74110086	101	74066681.5	30	28	0.0466667	0.882353	2	176799000	64.1371	1804733701	1878800382.5	saltiLASSI
D3	74066548	74111107	101	74088828	30	26	0.0666667	0.785714	2	176799000	75.6957	1804733701	1878822529	saltiLASSI
D3	74110086	74112698	101	74111392.5	32	16	0.330078	0.0493421	2	176799000	106.083	1804733701	1878845093.5	saltiLASSI
D3	74111107	74133459	101	74122283.5	34	15	0.32872	0.183333	2	176799000	106.089	1804733701	1878855984.5	saltiLASSI
D3	74112698	74147692	101	74130195.5	38	22	0.142659	0.395522	2	176799000	153.795	1804733701	1878863896.5	saltiLASSI
D3	74133459	74149282	101	74141371	32	18	0.150391	0.617021	2	176799000	153.802	1804733701	1878875072	saltiLASSI
D3	74147692	74150530	101	74149111.5	32	11	0.525391	0.0647668	2	176799000	153.807	1804733701	1878882812.5	saltiLASSI
D3	74149282	74156062	101	74152672.5	34	17	0.268166	0.320225	2	176799000	153.809	1804733701	1878886373.5	saltiLASSI
D3	74150530	74160255	101	74155393	36	20	0.158951	0.395522	2	176799000	150.325	1804733701	1878889094	saltiLASSI
D3	74156062	74162925	101	74159494	36	23	0.151235	0.5625	2	176799000	150.326	1804733701	1878893195	saltiLASSI
D3	74160255	74175285	101	74167770.5	34	21	0.131488	0.608696	2	176799000	160.089	1804733701	1878901471.5	saltiLASSI
D3	74162925	74180001	101	74171463.5	20	12	0.2	0.5	2	176799000	160.089	1804733701	1878905164.5	saltiLASSI
D3	74175285	74182669	101	74178977.5	20	10	0.285	0.454545	2	176799000	160.09	1804733701	1878912678.5	saltiLASSI
D3	74180001	74191519	101	74185760.5	34	21	0.188581	0.203947	2	176799000	160.09	1804733701	1878919461.5	saltiLASSI
D3	74182669	74218478	101	74200574	12	11	0.125	0.714286	2	176799000	165.969	1804733701	1878934275	saltiLASSI
D3	74191519	74220358	101	74205939	12	10	0.166667	0.75	2	176799000	165.968	1804733701	1878939640	saltiLASSI
D3	74218478	74226229	101	74222354	36	12	0.529321	0.0172956	2	176799000	147.156	1804733701	1878956055	saltiLASSI
D3	74220358	74227954	101	74224156.5	38	14	0.476454	0.027027	2	176799000	147.155	1804733701	1878957857.5	saltiLASSI
D3	74226229	74229333	101	74227781.5	36	15	0.385802	0.0647668	2	176799000	147.152	1804733701	1878961482.5	saltiLASSI
D3	74227954	74277430	101	74252692.5	26	22	0.0710059	0.75	2	176799000	104.776	1804733701	1878986393.5	saltiLASSI
D3	74229333	74344266	101	74286800	8	8	0.15625	0.875	1	176799000	100.353	1804733701	1879020501	saltiLASSI
D3	85105239	85214569	101	85159904.5	4	4	0.375	0.75	2	176799000	22.5969	1804733701	1889893605.5	saltiLASSI
D3	85191600	85231786	101	85211693.5	14	10	0.183673	0.625	3	176799000	30.4751	1804733701	1889945394.5	saltiLASSI
D3	85214569	85243922	101	85229246	18	6	0.617284	0.384615	3	176799000	35.1284	1804733701	1889962947	saltiLASSI
D3	85231786	85259885	101	85245836	36	21	0.192901	0.333333	3	176799000	35.1296	1804733701	1889979537	saltiLASSI
D3	85243922	85280714	101	85262318.5	34	18	0.193772	0.234177	3	176799000	32.5926	1804733701	1889996019.5	saltiLASSI
D3	85259885	85298829	101	85279357.5	36	21	0.194444	0.2	3	176799000	32.5906	1804733701	1890013058.5	saltiLASSI
D3	85280714	85355823	101	85318269	36	34	0.037037	0.785714	3	176799000	30.8924	1804733701	1890051970	saltiLASSI
D3	85298829	85422344	101	85360587	6	6	0.222222	0.833333	3	176799000	22.5976	1804733701	1890094288	saltiLASSI
D4	31488849	33538536	101	32513693	38	26	0.135734	0.264706	2	176799000	27.9635	1901483080	1933996773	saltiLASSI
D4	31493775	33572515	101	32533145.5	38	29	0.0900277	0.443182	2	176799000	27.9615	1901483080	1934016225.5	saltiLASSI
D4	76979847	77037883	101	77008865.5	38	27	0.119114	0.242424	3	176799000	27.2915	1901483080	1978491945.5	saltiLASSI
D4	77011438	77061949	101	77036694	38	30	0.0775623	0.416667	3	176799000	29.8681	1901483080	1978519774	saltiLASSI
D4	77037883	77090749	101	77064316.5	34	18	0.17474	0.47541	3	176799000	43.5086	1901483080	1978547396.5	saltiLASSI
D4	77061949	77114872	101	77088411	32	16	0.195312	0.577586	3	176799000	37.4506	1901483080	1978571491	saltiLASSI
D4	77090749	77145009	101	77117879.5	30	18	0.186667	0.625	3	176799000	32.2008	1901483080	1978600959.5	saltiLASSI
E1	13686833	13758180	101	13722507	4	3	0.625	0.333333	3	176799000	43.124	1997765866.5	2011488373.5	saltiLASSI
E1	13719751	13771071	101	13745411.5	14	14	0.0816327	0.928571	3	176799000	86.4618	1997765866.5	2011511278	saltiLASSI
E1	13758180	13781746	101	13769963.5	32	22	0.0839844	0.741935	3	176799000	80.8145	1997765866.5	2011535830	saltiLASSI
E1	13771071	13796814	101	13783943	28	11	0.387755	0.390244	3	176799000	105.662	1997765866.5	2011549809.5	saltiLASSI
E1	13781746	13812197	101	13796972	28	13	0.382653	0.0447761	3	176799000	105.67	1997765866.5	2011562838.5	saltiLASSI
E1	13796814	13826714	101	13811764.5	36	16	0.29784	0.42381	3	176799000	115.657	1997765866.5	2011577631	saltiLASSI
E1	13812197	13846702	101	13829450	36	10	0.395062	0.585616	3	176799000	111.754	1997765866.5	2011595316.5	saltiLASSI
E1	13826714	13867651	101	13847183	34	5	0.83391	0.00825472	3	176799000	105.959	1997765866.5	2011613049.5	saltiLASSI
E1	13846702	13883029	101	13864866	18	9	0.290123	0.37931	3	176799000	105.955	1997765866.5	2011630732.5	saltiLASSI
E1	13867651	13896487	101	13882069.5	16	11	0.1875	0.7	3	176799000	108.362	1997765866.5	2011647936	saltiLASSI
E1	13883029	13913452	101	13898241	32	6	0.628906	0.34593	3	176799000	104.005	1997765866.5	2011664107.5	saltiLASSI
E1	13896487	13930184	101	13913336	14	5	0.632653	0.4375	3	176799000	89.4022	1997765866.5	2011679202.5	saltiLASSI
E1	13913452	13940736	101	13927094.5	14	10	0.183673	0.625	3	176799000	88.8993	1997765866.5	2011692961	saltiLASSI
E1	13930184	13956136	101	13943160.5	14	9	0.285714	0.305556	3	176799000	75.7284	1997765866.5	2011709027	saltiLASSI
E1	13940736	14004923	101	13972830	32	27	0.0722656	0.68	3	176799000	24.7029	1997765866.5	2011738696.5	saltiLASSI
E1	13956136	14024687	101	13990412	28	25	0.0612245	0.75	3	176799000	20.1503	1997765866.5	2011756278.5	saltiLASSI
E1	18850880	18874645	101	18862763	36	11	0.49537	0.218919	2	469.02	23.0905	1997765866.5	2016628629.5	saltiLASSI
E1	24608999	24733705	101	24671352.5	26	22	0.0710059	0.75	2	176799000	30.6652	1997765866.5	2022437219	saltiLASSI
E1	24686623	24746890	101	24716757	30	24	0.0822222	0.537037	2	176799000	33.3665	1997765866.5	2022482623.5	saltiLASSI
E1	24733705	24748612	101	24741159	38	30	0.0775623	0.416667	2	176799000	33.3701	1997765866.5	2022507025.5	saltiLASSI
E1	24746890	24760531	101	24753711	38	27	0.134349	0.336066	2	176799000	33.371	1997765866.5	2022519577.5	saltiLASSI
E1	24748612	24789906	101	24769259.5	36	25	0.148148	0.242424	2	176799000	33.3699	1997765866.5	2022535126	saltiLASSI
E1	24760531	24806807	101	24783669.5	20	16	0.105	0.7	3	176799000	28.5607	1997765866.5	2022549536	saltiLASSI
E1	24789906	24811531	101	24800719	22	19	0.0867769	0.7	3	176799000	28.5577	1997765866.5	2022566585.5	saltiLASSI
E2	25944496	25979056	101	25961776.5	36	25	0.131173	0.301724	3	437695	36.1358	2061137415	2087099191.5	saltiLASSI
E2	25974950	25984969	101	25979960	8	7	0.21875	0.6	3	380679	36.9535	2061137415	2087117375	saltiLASSI
E2	25979056	25988932	101	25983994.5	8	6	0.3125	0.666667	3	380679	37.1673	2061137415	2087121409.5	saltiLASSI
E2	25984969	25996183	101	25990576.5	24	15	0.232639	0.371795	3	331091	37.5276	2061137415	2087127991.5	saltiLASSI
E2	25988932	25996786	101	25992859.5	36	25	0.103395	0.467391	3	331091	37.592	2061137415	2087130274.5	saltiLASSI
E2	25996183	26011125	101	26003654.5	38	29	0.0900277	0.346939	3	331091	37.5822	2061137415	2087141069.5	saltiLASSI
E2	25996786	26014058	101	26005422.5	38	31	0.0761773	0.402439	3	331091	37.4917	2061137415	2087142837.5	saltiLASSI
E2	26011125	26088964	101	26050045	34	23	0.128028	0.36	3	578622	34.756	2061137415	2087187460	saltiLASSI
E2	32965021	33065706	101	33015364	4	4	0.375	0.75	2	176799000	24.9385	2061137415	2094152779	saltiLASSI
E2	33011854	33097808	101	33054831.5	16	11	0.226562	0.342105	3	176799000	23.8758	2061137415	2094192246.5	saltiLASSI
E2	33097808	33149821	101	33123815	32	13	0.404297	0.147727	2	23351.9	19.7076	2061137415	2094261230	saltiLASSI
E2	43430965	43471464	101	43451215	28	16	0.17602	0.715909	3	176799000	24.5371	2061137415	2104588630	saltiLASSI
E2	43450805	43497568	101	43474187	12	7	0.375	0.466667	3	176799000	29.8896	2061137415	2104611602	saltiLASSI
E2	43471464	43561764	101	43516614.5	12	8	0.291667	0.625	3	176799000	41.0627	2061137415	2104654029.5	saltiLASSI
E2	43497568	43591100	101	43544334.5	32	15	0.300781	0.0927419	3	176799000	25.892	2061137415	2104681749.5	saltiLASSI
E3	40082531	40124647	101	40103589.5	26	26	0.0414201	0.961538	3	176799000	20.6248	2125147831	2165251420.5	saltiLASSI
E3	40100328	40151200	101	40125764.5	22	22	0.0495868	0.954545	3	176799000	22.2354	2125147831	2165273595.5	saltiLASSI
F1	18741074	18829462	101	18785268.5	34	28	0.0519031	0.8125	3	176799000	36.9432	2169578266	2188363534.5	saltiLASSI
F1	18784525	18869768	101	18827147	32	19	0.210938	0.142857	3	176799000	36.7316	2169578266	2188405413	saltiLASSI
F1	18829462	18896588	101	18863025.5	28	9	0.571429	0.0470588	1	71321	45.0903	2169578266	2188441291.5	saltiLASSI
F1	18869768	18929064	101	18899416.5	28	9	0.571429	0.0295699	1	82002.9	42.9421	2169578266	2188477682.5	saltiLASSI
F1	18896588	18957334	101	18926961.5	12	9	0.222222	0.333333	3	176799000	32.5204	2169578266	2188505227.5	saltiLASSI
F1	18929064	18991113	101	18960089	4	4	0.375	0.75	1	176799000	38.1716	2169578266	2188538355	saltiLASSI
F1	18957334	19010951	101	18984143	26	20	0.10355	0.652174	2	176799000	22.4522	2169578266	2188562409	saltiLASSI
F2	28925910	29004763	101	28965337	16	12	0.179688	0.466667	3	176799000	19.6075	2241139074	2270104411	saltiLASSI
F2	28963831	29034051	101	28998941.5	32	20	0.146484	0.6	3	176799000	23.1143	2241139074	2270138015.5	saltiLASSI
F2	29034051	29102605	101	29068328.5	36	19	0.240741	0.140351	1	942.433	19.4846	2241139074	2270207402.5	saltiLASSI
F2	76042069	76081159	101	76061614.5	34	16	0.32699	0.0677419	1	539.266	29.9333	2241139074	2317200688.5	saltiLASSI
F2	76063171	76095797	101	76079484.5	30	12	0.291111	0.573333	3	124642	21.441	2241139074	2317218558.5	saltiLASSI
F2	76081159	76127913	101	76104536.5	32	19	0.171875	0.653846	4	176799000	24.0717	2241139074	2317243610.5	saltiLASSI
F2	76095797	76142824	101	76119311	32	26	0.0742188	0.692308	4	176799000	24.0701	2241139074	2317258385	saltiLASSI
F2	76127913	76165826	101	76146870	6	6	0.222222	0.833333	3	176799000	27.1278	2241139074	2317285944	saltiLASSI
F2	80486578	80549006	101	80517792.5	28	14	0.341837	0.0546218	1	1245.87	26.8403	2241139074	2321656866.5	saltiLASSI
F2	81637343	81658253	101	81647798.5	32	15	0.332031	0.1	1	5783.68	21.8562	2241139074	2322786872.5	saltiLASSI
