chr	start	end	size	windows	mean_lassi	max_lassi
A1	8651870	8861616	209746	6	77.94188333	93.7305
A1	26459092	26700656	241564	10	80.84971	95.1226
A1	27364045	27477419	113374	3	64.59666667	65.35
A1	52027244	52275501	248257	7	71.77674286	79.6836
A1	52590197	52676621	86424	2	58.54005	59.2685
A1	112430303	112623870	193567	7	96.77304286	117.53
A1	136194555	136277085	82530	1	62.6207	62.6207
A1	164333956	164483146	149190	5	76.52272	96.3787
A1	195051209	195166025	114816	2	65.5658	66.181
A1	210804428	210862382	57954	2	68.567	71.5151
A1	229011675	229129200	117525	4	64.93835	72.3814
A2	62494051	62622612	128561	1	57.1204	57.1204
A2	66472173	66512517	40344	1	61.1773	61.1773
A2	167624451	167778121	153670	8	67.8709875	95.6281
A3	17037848	17098427	60579	1	64.1876	64.1876
A3	21073922	21109842	35920	1	58.3497	58.3497
A3	29257627	29479181	221554	7	74.51251429	87.5894
A3	46990092	47069199	79107	7	64.24738571	67.6742
A3	119966956	120319036	352080	12	83.53743333	104.268
A3	122906256	122995089	88833	2	74.7738	80.2052
A3	124293156	124394048	100892	3	71.72713333	80.4907
A3	126926446	127090972	164526	4	68.165175	77.0348
A3	127102204	127141589	39385	1	59.0894	59.0894
A3	127405086	127530931	125845	4	66.041225	67.9681
A3	127957957	128075175	117218	3	66.25623333	72.9027
A3	128117398	128220931	103533	2	89.3941	89.4068
A3	130661590	130862334	200744	6	63.58908333	71.7347
A3	141718783	141836333	117550	4	75.0575	90.3591
A3	141874625	141950833	76208	3	59.4258	60.9891
B1	117432117	117664410	232293	12	111.130025	141.671
B1	185442240	185521415	79175	2	62.2945	62.6783
B1	188296860	188355754	58894	1	59.467	59.467
B1	201092750	201143377	50627	1	66.6325	66.6325
B1	201449348	201513691	64343	2	62.2296	64.4098
B1	202589330	202794812	205482	6	83.82701667	93.0724
B1	202847167	203409512	562345	25	128.360584	236.469
B2	4544967	4834640	289673	13	103.9426615	135.429
B2	38771643	38971725	200082	8	104.3277125	129.489
B2	40982075	41079212	97137	2	62.2327	63.4157
B2	41858529	42041328	182799	8	68.24745	77.0051
B2	115856087	115921537	65450	1	57.3077	57.3077
B2	138169671	138315937	146266	7	84.20475714	98.3692
B2	150187006	150365641	178635	8	64.6479625	78.3395
B2	150436118	150489389	53271	1	57.1352	57.1352
B3	15283092	15467657	184565	8	76.43195	100.882
B3	21073184	21160146	86962	2	58.7497	58.7547
B3	77782663	77964870	182207	2	62.3679	63.831
B4	3269171	3372647	103476	5	79.55862	92.6263
B4	3426050	3482978	56928	1	59.1845	59.1845
B4	3869091	4024310	155219	7	79.00678571	91.2266
B4	15499152	15542542	43390	1	65.6436	65.6436
B4	20833660	21052253	218593	4	70.96375	77.9479
C1	100039950	100111362	71412	2	60.1178	61.9594
C1	125026978	125257875	230897	8	73.9094375	88.6416
C1	145562666	145608401	45735	1	58.9326	58.9326
C2	127509526	127601104	91578	1	59.2294	59.2294
C2	136426072	136496038	69966	2	63.46795	66.603
C2	139378444	139576968	198524	9	79.13744444	111.471
C2	154370688	154478311	107623	2	58.65255	58.6836
C2	155500870	155601387	100517	4	68.1169	70.6279
C2	156808677	157054044	245367	14	83.72438571	104.286
C2	157420077	157546075	125998	2	64.06115	66.4535
C2	157604795	157882055	277260	11	77.66044545	90.6799
C2	158151823	158347601	195778	5	84.57688	93.4728
D1	77892149	78066242	174093	5	66.38296	68.7695
D1	109260802	109333698	72896	1	57.088	57.088
D2	65882072	66201950	319878	9	133.1083444	179.974
D2	74912539	75064409	151870	6	74.17045	81.7541
D2	75099962	75160279	60317	2	91.0707	91.0843
D2	75417468	75710521	293053	12	82.21450833	103.579
D2	80150150	80344216	194066	8	68.7752	76.7428
D3	74062788	74307511	244723	26	132.6773692	176.21
D3	84979110	85067663	88553	3	59.25986667	61.2446
D3	85129714	85228030	98316	2	60.97245	63.187
D3	86545339	86866635	321296	17	99.23145882	131.315
D4	26280315	26340034	59719	1	60.4364	60.4364
D4	80373174	80425436	52262	1	61.9554	61.9554
D4	80502587	80627655	125068	4	67.839125	79.8831
E2	11572898	11797354	224456	4	74.364675	95.3494
E2	21233915	21298305	64390	3	60.97596667	61.9929
E2	21372977	21477566	104589	5	80.69796	91.5335
E2	21559959	21647111	87152	2	74.4629	78.4978
E2	36970485	37091010	120525	3	68.84093333	71.5319
E3	1883387	2430306	546919	14	67.37296429	83.5317
E3	3118303	3193668	75365	1	57.2894	57.2894
E3	3257673	3697434	439761	22	80.25506364	114.91
E3	13174272	13246781	72509	1	59.3334	59.3334
E3	13621285	13782377	161092	5	67.3131	79.1059
E3	22378891	22723537	344646	12	92.82335	133.224
E3	23344572	23772003	427431	20	121.98188	162.1
E3	23799517	23951272	151755	8	66.0075	78.0462
E3	24215827	24355219	139392	3	79.04716667	97.0135
E3	24908792	25001647	92855	1	62.0262	62.0262
E3	25154712	25289264	134552	2	63.5408	64.2549
F1	3443937	3571139	127202	3	63.69613333	68.0245
F1	20121628	20750209	628581	57	251.2241228	339.475
F1	43828632	44176963	348331	15	88.02198667	126.449
F1	55270802	55370350	99548	2	67.05655	67.8746
F1	55458193	55515082	56889	1	57.1307	57.1307
F1	60615917	60937192	321275	15	74.55436667	94.221
F1	62556719	62638531	81812	3	60.11186667	63.1371
F2	9741348	9779117	37769	1	58.0862	58.0862
F2	9835440	9943395	107955	2	59.0134	60.8773
F2	38525344	38741885	216541	5	71.23314	78.155
F2	49166616	49266152	99536	2	65.4054	69.517
F2	49778907	49844621	65714	1	58.5006	58.5006
