chr	start	end	windows	mean_lassi	max_lassi
A1	8631870	8881616	6	77.94188333	93.7305
A1	26439092	26720656	10	80.84971	95.1226
A1	27344045	27497419	3	64.59666667	65.35
A1	52007244	52295501	7	71.77674286	79.6836
A1	52570197	52696621	2	58.54005	59.2685
A1	112410303	112643870	7	96.77304286	117.53
A1	136174555	136297085	1	62.6207	62.6207
A1	164313956	164503146	5	76.52272	96.3787
A1	195031209	195186025	2	65.5658	66.181
A1	210784428	210882382	2	68.567	71.5151
A1	228991675	229149200	4	64.93835	72.3814
A2	62474051	62642612	1	57.1204	57.1204
A2	66452173	66532517	1	61.1773	61.1773
A2	167604451	167798121	8	67.8709875	95.6281
A3	17017848	17118427	1	64.1876	64.1876
A3	21053922	21129842	1	58.3497	58.3497
A3	29237627	29499181	7	74.51251429	87.5894
A3	46970092	47089199	7	64.24738571	67.6742
A3	119946956	120339036	12	83.53743333	104.268
A3	122886256	123015089	2	74.7738	80.2052
A3	124273156	124414048	3	71.72713333	80.4907
A3	126906446	127110972	4	68.165175	77.0348
A3	127082204	127161589	1	59.0894	59.0894
A3	127385086	127550931	4	66.041225	67.9681
A3	127937957	128095175	3	66.25623333	72.9027
A3	128097398	128240931	2	89.3941	89.4068
A3	130641590	130882334	6	63.58908333	71.7347
A3	141698783	141856333	4	75.0575	90.3591
A3	141854625	141970833	3	59.4258	60.9891
B1	117412117	117684410	12	111.130025	141.671
B1	185422240	185541415	2	62.2945	62.6783
B1	188276860	188375754	1	59.467	59.467
B1	201072750	201163377	1	66.6325	66.6325
B1	201429348	201533691	2	62.2296	64.4098
B1	202569330	202814812	6	83.82701667	93.0724
B1	202827167	203429512	25	128.360584	236.469
B2	4524967	4854640	13	103.9426615	135.429
B2	38751643	38991725	8	104.3277125	129.489
B2	40962075	41099212	2	62.2327	63.4157
B2	41838529	42061328	8	68.24745	77.0051
B2	115836087	115941537	1	57.3077	57.3077
B2	138149671	138335937	7	84.20475714	98.3692
B2	150167006	150385641	8	64.6479625	78.3395
B2	150416118	150509389	1	57.1352	57.1352
B3	15263092	15487657	8	76.43195	100.882
B3	21053184	21180146	2	58.7497	58.7547
B3	77762663	77984870	2	62.3679	63.831
B4	3249171	3392647	5	79.55862	92.6263
B4	3406050	3502978	1	59.1845	59.1845
B4	3849091	4044310	7	79.00678571	91.2266
B4	15479152	15562542	1	65.6436	65.6436
B4	20813660	21072253	4	70.96375	77.9479
C1	100019950	100131362	2	60.1178	61.9594
C1	125006978	125277875	8	73.9094375	88.6416
C1	145542666	145628401	1	58.9326	58.9326
C2	127489526	127621104	1	59.2294	59.2294
C2	136406072	136516038	2	63.46795	66.603
C2	139358444	139596968	9	79.13744444	111.471
C2	154350688	154498311	2	58.65255	58.6836
C2	155480870	155621387	4	68.1169	70.6279
C2	156788677	157074044	14	83.72438571	104.286
C2	157400077	157566075	2	64.06115	66.4535
C2	157584795	157902055	11	77.66044545	90.6799
C2	158131823	158367601	5	84.57688	93.4728
D1	77872149	78086242	5	66.38296	68.7695
D1	109240802	109353698	1	57.088	57.088
D2	65862072	66221950	9	133.1083444	179.974
D2	74892539	75084409	6	74.17045	81.7541
D2	75079962	75180279	2	91.0707	91.0843
D2	75397468	75730521	12	82.21450833	103.579
D2	80130150	80364216	8	68.7752	76.7428
D3	74042788	74327511	26	132.6773692	176.21
D3	84959110	85087663	3	59.25986667	61.2446
D3	85109714	85248030	2	60.97245	63.187
D3	86525339	86886635	17	99.23145882	131.315
D4	26260315	26360034	1	60.4364	60.4364
D4	80353174	80445436	1	61.9554	61.9554
D4	80482587	80647655	4	67.839125	79.8831
E2	11552898	11817354	4	74.364675	95.3494
E2	21213915	21318305	3	60.97596667	61.9929
E2	21352977	21497566	5	80.69796	91.5335
E2	21539959	21667111	2	74.4629	78.4978
E2	36950485	37111010	3	68.84093333	71.5319
E3	1863387	2450306	14	67.37296429	83.5317
E3	3098303	3213668	1	57.2894	57.2894
E3	3237673	3717434	22	80.25506364	114.91
E3	13154272	13266781	1	59.3334	59.3334
E3	13601285	13802377	5	67.3131	79.1059
E3	22358891	22743537	12	92.82335	133.224
E3	23324572	23792003	20	121.98188	162.1
E3	23779517	23971272	8	66.0075	78.0462
E3	24195827	24375219	3	79.04716667	97.0135
E3	24888792	25021647	1	62.0262	62.0262
E3	25134712	25309264	2	63.5408	64.2549
F1	3423937	3591139	3	63.69613333	68.0245
F1	20101628	20770209	57	251.2241228	339.475
F1	43808632	44196963	15	88.02198667	126.449
F1	55250802	55390350	2	67.05655	67.8746
F1	55438193	55535082	1	57.1307	57.1307
F1	60595917	60957192	15	74.55436667	94.221
F1	62536719	62658531	3	60.11186667	63.1371
F2	9721348	9799117	1	58.0862	58.0862
F2	9815440	9963395	2	59.0134	60.8773
F2	38505344	38761885	5	71.23314	78.155
F2	49146616	49286152	2	65.4054	69.517
F2	49758907	49864621	1	58.5006	58.5006
