chr start end windows mean_lassi max_lassi gene_start gene_end ensembl_id gene_name
A1 8631870 8881616 6 77.94188333 93.7305 8542476 8782879 ENSFCAG00000014322 NA
A1 8631870 8881616 6 77.94188333 93.7305 8847761 8915949 ENSFCAG00000043734 NA
A1 26439092 26720656 10 80.84971 95.1226 26467245 26488514 ENSFCAG00000044942 SERP2
A1 27344045 27497419 3 64.59666667 65.35 27131846 27589030 ENSFCAG00000010984 ENOX1
A1 52007244 52295501 7 71.77674286 79.6836 52135912 52161085 ENSFCAG00000023007 EDNRB
A1 112410303 112643870 7 96.77304286 117.53 112287412 112697496 ENSFCAG00000014604 FSTL4
A1 136174555 136297085 1 62.6207 62.6207 135824646 136207337 ENSFCAG00000032306 NA
A1 136174555 136297085 1 62.6207 62.6207 136224632 136389483 ENSFCAG00000025450 MAST4
A1 195031209 195186025 2 65.5658 66.181 195013487 195100639 ENSFCAG00000000592 LARP1
A1 210784428 210882382 2 68.567 71.5151 210821143 210892876 ENSFCAG00000018250 LIFR
A1 228991675 229149200 4 64.93835 72.3814 228890789 228995321 ENSFCAG00000005741 MARCH11
A1 228991675 229149200 4 64.93835 72.3814 229098768 229493680 ENSFCAG00000030930 FBXL7
A2 62474051 62642612 1 57.1204 57.1204 62435326 62477026 ENSFCAG00000014361 GCK
A2 62474051 62642612 1 57.1204 57.1204 62488243 62497410 ENSFCAG00000014362 YKT6
A2 62474051 62642612 1 57.1204 57.1204 62498950 62582802 ENSFCAG00000019129 CAMK2B
A2 62474051 62642612 1 57.1204 57.1204 62614860 62677215 ENSFCAG00000010253 NUDCD3
A2 66452173 66532517 1 61.1773 61.1773 66466849 66567957 ENSFCAG00000042921 IKZF1
A2 167604451 167798121 8 67.8709875 95.6281 167475483 168195666 ENSFCAG00000008374 DPP6
A3 17017848 17118427 1 64.1876 64.1876 17060779 17094072 ENSFCAG00000011137 IFT52
A3 17017848 17118427 1 64.1876 64.1876 17095721 17120098 ENSFCAG00000001877 SGK2
A3 17017848 17118427 1 64.1876 64.1876 17014737 17051477 ENSFCAG00000011141 MYBL2
A3 21053922 21129842 1 58.3497 58.3497 21064902 21131285 ENSFCAG00000025103 DHX35
A3 29237627 29499181 7 74.51251429 87.5894 29405612 29405842 ENSFCAG00000046430 NA
A3 29237627 29499181 7 74.51251429 87.5894 29308282 29352818 ENSFCAG00000007974 STK35
A3 29237627 29499181 7 74.51251429 87.5894 29480924 29518818 ENSFCAG00000014443 NA
A3 119946956 120339036 12 83.53743333 104.268 120218739 120242765 ENSFCAG00000039110 FOSL2
A3 119946956 120339036 12 83.53743333 104.268 120014430 120157603 ENSFCAG00000005165 PLB1
A3 119946956 120339036 12 83.53743333 104.268 120289981 120694645 ENSFCAG00000003304 BABAM2
A3 122886256 123015089 2 74.7738 80.2052 122899521 123001443 ENSFCAG00000003659 DNMT3A
A3 124273156 124414048 3 71.72713333 80.4907 124277531 124589408 ENSFCAG00000003613 KLHL29
A3 126906446 127110972 4 68.165175 77.0348 126993602 127002459 ENSFCAG00000044521 GDF7
A3 126906446 127110972 4 68.165175 77.0348 126885390 126987144 ENSFCAG00000026226 LDAH
A3 126906446 127110972 4 68.165175 77.0348 127018289 127049399 ENSFCAG00000002398 HS1BP3
A3 127385086 127550931 4 66.041225 67.9681 127388074 127411427 ENSFCAG00000005354 SDC1
A3 127937957 128095175 3 66.25623333 72.9027 128042845 128144816 ENSFCAG00000026754 OSR1
A3 128097398 128240931 2 89.3941 89.4068 128042845 128144816 ENSFCAG00000026754 OSR1
B1 117412117 117684410 12 111.130025 141.671 117242335 117528378 ENSFCAG00000007221 PAPSS1
B1 201072750 201163377 1 66.6325 66.6325 201073304 201118813 ENSFCAG00000011317 WDR1
B1 201072750 201163377 1 66.6325 66.6325 201131618 201389238 ENSFCAG00000011316 SLC2A9
B1 201429348 201533691 2 62.2296 64.4098 201487749 201495651 ENSFCAG00000015507 TMEM128
B1 201429348 201533691 2 62.2296 64.4098 201508736 201531522 ENSFCAG00000028343 LYAR
B1 201429348 201533691 2 62.2296 64.4098 201437758 201472966 ENSFCAG00000015506 OTOP1
B1 202569330 202814812 6 83.82701667 93.0724 202775346 202814159 ENSFCAG00000004076 NA
B1 202569330 202814812 6 83.82701667 93.0724 202637266 202766514 ENSFCAG00000004075 EVC2
B1 202569330 202814812 6 83.82701667 93.0724 202206083 202601312 ENSFCAG00000004074 STK32B
B1 202827167 203429512 25 128.360584 236.469 203000967 203020231 ENSFCAG00000004078 NA
B1 202827167 203429512 25 128.360584 236.469 203057188 203094789 ENSFCAG00000004079 NA
B1 202827167 203429512 25 128.360584 236.469 203112765 203129886 ENSFCAG00000044081 NA
B1 202827167 203429512 25 128.360584 236.469 203250832 203280221 ENSFCAG00000040449 WFS1
B1 202827167 203429512 25 128.360584 236.469 202854400 202932146 ENSFCAG00000004077 CRMP1
B1 202827167 203429512 25 128.360584 236.469 203289917 203429891 ENSFCAG00000006161 PPP2R2C
B2 4524967 4854640 13 103.9426615 135.429 4469440 4780976 ENSFCAG00000014666 CARMIL1
B2 4524967 4854640 13 103.9426615 135.429 4699975 4991719 ENSFCAG00000002804 CMAH
B2 38751643 38991725 8 104.3277125 129.489 38720675 38770896 ENSFCAG00000006744 CMTR1
B2 38751643 38991725 8 104.3277125 129.489 38772238 38788747 ENSFCAG00000006745 CCDC167
B2 38751643 38991725 8 104.3277125 129.489 38915581 38976699 ENSFCAG00000006747 MDGA1
B2 40962075 41099212 2 62.2327 63.4157 41079821 41116771 ENSFCAG00000006417 MOCS1
B2 40962075 41099212 2 62.2327 63.4157 40996536 41081103 ENSFCAG00000006415 DAAM2
B2 115836087 115941537 1 57.3077 57.3077 115839338 115839852 ENSFCAG00000041241 NA
B2 138149671 138335937 7 84.20475714 98.3692 138192092 138192975 ENSFCAG00000023771 NA
B2 138149671 138335937 7 84.20475714 98.3692 138159138 138246743 ENSFCAG00000035894 PPP1R14C
B3 21053184 21180146 2 58.7497 58.7547 21087940 21361292 ENSFCAG00000008067 APBA2
B3 21053184 21180146 2 58.7497 58.7547 20636111 21089708 ENSFCAG00000008069 FAM189A1
B4 15479152 15562542 1 65.6436 65.6436 15509628 15516596 ENSFCAG00000043670 C1QL3
B4 15479152 15562542 1 65.6436 65.6436 15444803 15507595 ENSFCAG00000013558 PTER
B4 20813660 21072253 4 70.96375 77.9479 20989513 20993707 ENSFCAG00000007230 COMMD3
B4 20813660 21072253 4 70.96375 77.9479 20995222 21007880 ENSFCAG00000036566 BMI1
B4 20813660 21072253 4 70.96375 77.9479 21019049 21085447 ENSFCAG00000005488 SPAG6
C1 100019950 100131362 2 60.1178 61.9594 100106212 100200569 ENSFCAG00000011343 IGSF3
C1 125006978 125277875 8 73.9094375 88.6416 124205030 125570431 ENSFCAG00000005743 DPP10
C1 145542666 145628401 1 58.9326 58.9326 145323985 145636618 ENSFCAG00000005239 FMNL2
C2 127489526 127621104 1 59.2294 59.2294 127518428 127547855 ENSFCAG00000001802 CLDN18
C2 136406072 136516038 2 63.46795 66.603 136302615 136494542 ENSFCAG00000022152 PLCL2
C2 154350688 154498311 2 58.65255 58.6836 154333812 154428127 ENSFCAG00000003166 SCN10A
C2 154350688 154498311 2 58.65255 58.6836 154497728 154575132 ENSFCAG00000003161 SCN5A
C2 155480870 155621387 4 68.1169 70.6279 155284870 155630866 ENSFCAG00000002281 ITGA9
C2 156788677 157074044 14 83.72438571 104.286 156916906 157031426 ENSFCAG00000013391 ARPP21
D1 77872149 78086242 5 66.38296 68.7695 77886301 77902263 ENSFCAG00000030053 HTATIP2
D1 77872149 78086242 5 66.38296 68.7695 77903932 78047735 ENSFCAG00000031309 PRMT3
D1 109240802 109353698 1 57.088 57.088 109290052 109296174 ENSFCAG00000014656 RCOR2
D1 109240802 109353698 1 57.088 57.088 109316242 109329184 ENSFCAG00000014660 NAA40
D1 109240802 109353698 1 57.088 57.088 109340466 109342304 ENSFCAG00000014662 COX8A
D1 109240802 109353698 1 57.088 57.088 109347830 109355965 ENSFCAG00000029184 OTUB1
D1 109240802 109353698 1 57.088 57.088 109232768 109290291 ENSFCAG00000014652 MARK2
D2 74892539 75084409 6 74.17045 81.7541 74912929 75123479 ENSFCAG00000027107 GFRA1
D2 75079962 75180279 2 91.0707 91.0843 75168225 75228607 ENSFCAG00000024420 CCDC172
D2 75079962 75180279 2 91.0707 91.0843 74912929 75123479 ENSFCAG00000027107 GFRA1
D2 75397468 75730521 12 82.21450833 103.579 75450554 75457791 ENSFCAG00000013644 C10orf82
D2 75397468 75730521 12 82.21450833 103.579 75391738 75410275 ENSFCAG00000001515 PNLIPRP1
D2 75397468 75730521 12 82.21450833 103.579 75416145 75438934 ENSFCAG00000001516 PNLIPRP2
D2 75397468 75730521 12 82.21450833 103.579 75627511 75685512 ENSFCAG00000001518 ENO4
D2 75397468 75730521 12 82.21450833 103.579 75658458 75760225 ENSFCAG00000023428 SHTN1
D2 75397468 75730521 12 82.21450833 103.579 75459183 75627788 ENSFCAG00000001517 HSPA12A
D2 80130150 80364216 8 68.7752 76.7428 80125846 80325672 ENSFCAG00000026479 NA
D2 80130150 80364216 8 68.7752 76.7428 80334592 80381084 ENSFCAG00000003652 BTBD16
D3 74042788 74327511 26 132.6773692 176.21 73790195 74937612 ENSFCAG00000012953 DCC
D3 85109714 85248030 2 60.97245 63.187 85194348 85318596 ENSFCAG00000019323 CDH7
D4 80482587 80647655 4 67.839125 79.8831 80612891 80789387 ENSFCAG00000033056 BRINP1
E2 11552898 11817354 4 74.364675 95.3494 11551560 11553338 ENSFCAG00000042894 NKPD1
E2 11552898 11817354 4 74.364675 95.3494 11598968 11599363 ENSFCAG00000043198 GEMIN7
E2 11552898 11817354 4 74.364675 95.3494 11611466 11615182 ENSFCAG00000040249 ZNF296
E2 11552898 11817354 4 74.364675 95.3494 11709746 11711721 ENSFCAG00000018891 APOC2
E2 11552898 11817354 4 74.364675 95.3494 11712261 11714113 ENSFCAG00000004795 NA
E2 11552898 11817354 4 74.364675 95.3494 11723554 11726183 ENSFCAG00000033939 NA
E2 11552898 11817354 4 74.364675 95.3494 11733582 11744414 ENSFCAG00000004793 TOMM40
E2 11552898 11817354 4 74.364675 95.3494 11556586 11596935 ENSFCAG00000001768 PPP1R37
E2 11552898 11817354 4 74.364675 95.3494 11615683 11639482 ENSFCAG00000033941 CLASRP
E2 11552898 11817354 4 74.364675 95.3494 11673512 11705270 ENSFCAG00000004797 CLPTM1
E2 11552898 11817354 4 74.364675 95.3494 11708248 11733218 ENSFCAG00000004788 APOE
E2 11552898 11817354 4 74.364675 95.3494 11745946 11777613 ENSFCAG00000028198 NECTIN2
E2 11552898 11817354 4 74.364675 95.3494 11779807 11794502 ENSFCAG00000004786 BCAM
E2 11552898 11817354 4 74.364675 95.3494 11802290 11813451 ENSFCAG00000004785 CBLC
E2 11552898 11817354 4 74.364675 95.3494 11640084 11668712 ENSFCAG00000025715 RELB
E2 21352977 21497566 5 80.69796 91.5335 21469024 21536266 ENSFCAG00000004896 TSHZ3
E2 36950485 37111010 3 68.84093333 71.5319 37001861 37009078 ENSFCAG00000024689 ZNF319
E2 36950485 37111010 3 68.84093333 71.5319 37012089 37022635 ENSFCAG00000002693 USB1
E2 36950485 37111010 3 68.84093333 71.5319 36990483 36997706 ENSFCAG00000031698 TEPP
E2 36950485 37111010 3 68.84093333 71.5319 37035237 37054362 ENSFCAG00000002694 MMP15
E2 36950485 37111010 3 68.84093333 71.5319 36920286 36983556 ENSFCAG00000002691 NA
E2 36950485 37111010 3 68.84093333 71.5319 37091579 37109319 ENSFCAG00000015358 CFAP20
E3 1863387 2450306 14 67.37296429 83.5317 1935615 1940425 ENSFCAG00000024756 NA
E3 1863387 2450306 14 67.37296429 83.5317 1940491 1948431 ENSFCAG00000005390 NUDT1
E3 1863387 2450306 14 67.37296429 83.5317 2149896 2151332 ENSFCAG00000022239 NA
E3 1863387 2450306 14 67.37296429 83.5317 2185608 2194970 ENSFCAG00000008558 LFNG
E3 1863387 2450306 14 67.37296429 83.5317 2020661 2044471 ENSFCAG00000005392 EIF3B
E3 1863387 2450306 14 67.37296429 83.5317 2045046 2068520 ENSFCAG00000025518 NA
E3 1863387 2450306 14 67.37296429 83.5317 2250996 2286937 ENSFCAG00000025676 IQCE
E3 1863387 2450306 14 67.37296429 83.5317 2296540 2313248 ENSFCAG00000031391 BRAT1
E3 1863387 2450306 14 67.37296429 83.5317 2319628 2346099 ENSFCAG00000008559 AMZ1
E3 1863387 2450306 14 67.37296429 83.5317 1614278 1931923 ENSFCAG00000005389 MAD1L1
E3 1863387 2450306 14 67.37296429 83.5317 1951020 1990544 ENSFCAG00000005391 SNX8
E3 1863387 2450306 14 67.37296429 83.5317 2199689 2231903 ENSFCAG00000022890 TTYH3
E3 1863387 2450306 14 67.37296429 83.5317 2348568 2459397 ENSFCAG00000043446 GNA12
E3 3098303 3213668 1 57.2894 57.2894 3127378 3142620 ENSFCAG00000044837 NA
E3 3237673 3717434 22 80.25506364 114.91 3417710 3658630 ENSFCAG00000012315 NA
E3 13154272 13266781 1 59.3334 59.3334 12909831 14027907 ENSFCAG00000015412 AUTS2
E3 13601285 13802377 5 67.3131 79.1059 12909831 14027907 ENSFCAG00000015412 AUTS2
E3 22358891 22743537 12 92.82335 133.224 22339452 22545168 ENSFCAG00000024353 GSG1L
E3 22358891 22743537 12 92.82335 133.224 22531744 22736049 ENSFCAG00000009928 KIAA0556
E3 23779517 23971272 8 66.0075 78.0462 23869072 24263566 ENSFCAG00000022747 HS3ST4
E3 24195827 24375219 3 79.04716667 97.0135 23869072 24263566 ENSFCAG00000022747 HS3ST4
E3 24888792 25021647 1 62.0262 62.0262 24906872 25103292 ENSFCAG00000025236 TNRC6A
E3 25134712 25309264 2 63.5408 64.2549 25130663 25161334 ENSFCAG00000043694 RBBP6
E3 25134712 25309264 2 63.5408 64.2549 25272992 25359731 ENSFCAG00000011087 CACNG3
F1 3423937 3591139 3 63.69613333 68.0245 3342805 3645694 ENSFCAG00000023988 NA
F1 20101628 20770209 57 251.2241228 339.475 20458883 20727533 ENSFCAG00000006472 PAPPA2
F1 20101628 20770209 57 251.2241228 339.475 19911421 20170745 ENSFCAG00000014440 COP1
F1 20101628 20770209 57 251.2241228 339.475 20745437 21051514 ENSFCAG00000006473 ASTN1
F1 43808632 44196963 15 88.02198667 126.449 43861972 43874392 ENSFCAG00000013111 CHIT1
F1 43808632 44196963 15 88.02198667 126.449 43886287 43892069 ENSFCAG00000036418 NA
F1 43808632 44196963 15 88.02198667 126.449 43929392 43931455 ENSFCAG00000043254 BTG2
F1 43808632 44196963 15 88.02198667 126.449 44076616 44086165 ENSFCAG00000013116 OPTC
F1 43808632 44196963 15 88.02198667 126.449 43780091 43814876 ENSFCAG00000013109 ADORA1
F1 43808632 44196963 15 88.02198667 126.449 43826053 43834904 ENSFCAG00000038254 CHI3L1
F1 43808632 44196963 15 88.02198667 126.449 43957682 43968886 ENSFCAG00000031151 FMOD
F1 43808632 44196963 15 88.02198667 126.449 44060535 44074142 ENSFCAG00000025207 PRELP
F1 43808632 44196963 15 88.02198667 126.449 44178235 44277462 ENSFCAG00000000870 ATP2B4
F1 55250802 55390350 2 67.05655 67.8746 55367754 55422040 ENSFCAG00000008637 KCTD3
F1 55438193 55535082 1 57.1307 57.1307 55425698 56160914 ENSFCAG00000026360 USH2A
F1 60595917 60957192 15 74.55436667 94.221 60709211 60750307 ENSFCAG00000015180 DUSP10
F1 62536719 62658531 3 60.11186667 63.1371 62548219 62710303 ENSFCAG00000010758 LMX1A
F2 9721348 9799117 1 58.0862 58.0862 9560196 9983658 ENSFCAG00000008909 XKR4
F2 9815440 9963395 2 59.0134 60.8773 9560196 9983658 ENSFCAG00000008909 XKR4
F2 49146616 49286152 2 65.4054 69.517 49267260 49274891 ENSFCAG00000033189 NA
F2 49758907 49864621 1 58.5006 58.5006 49698417 49978340 ENSFCAG00000026528 NCALD
