chr	start	end	nSNPs	pos	ll_nhaps	ll_uhaps	ll_h12	ll_h2h1	ll_m	ll_A	statistic	bp_add	bp_cum	dataset
A1	8651870	8721527	101	8686699	52	39	0.0968935	0.242105	2	58399700	60.7677	0	8686699	saltiLASSI
A1	8678183	8747960	101	8713072	54	42	0.0727023	0.342105	2	58399700	72.4403	0	8713072	saltiLASSI
A1	8721527	8793177	101	8757352.5	60	44	0.0844444	0.307692	2	58399700	91.8844	0	8757352.5	saltiLASSI
A1	8747960	8807944	101	8777952.5	58	43	0.0891795	0.294118	2	58399700	93.7305	0	8777952.5	saltiLASSI
A1	8793177	8823559	101	8808368.5	46	34	0.10775	0.324324	2	58399700	86.0598	0	8808368.5	saltiLASSI
A1	8807944	8861616	101	8834780.5	46	34	0.10775	0.324324	2	58399700	62.7686	0	8834780.5	saltiLASSI
A1	26459092	26502497	101	26480795	58	38	0.12069	0.263158	2	58399700	75.9058	0	26480795	saltiLASSI
A1	26476940	26540019	101	26508480	60	43	0.0933333	0.222222	2	58399700	87.8032	0	26508480	saltiLASSI
A1	26502497	26558990	101	26530744	58	45	0.0796671	0.217593	2	58399700	80.2473	0	26530744	saltiLASSI
A1	26540019	26581576	101	26560798	58	42	0.0814507	0.238739	2	58399700	78.6177	0	26560798	saltiLASSI
A1	26558990	26597925	101	26578458	54	29	0.166667	0.174286	2	58399700	87.4092	0	26578458	saltiLASSI
A1	26581576	26618005	101	26599791	54	33	0.139232	0.213287	2	58399700	88.8381	0	26599791	saltiLASSI
A1	26597925	26642019	101	26619972.5	58	39	0.109988	0.24031	3	58399700	95.1226	0	26619972.5	saltiLASSI
A1	26618005	26660908	101	26639457	58	38	0.078478	0.534483	3	58399700	82.9273	0	26639457	saltiLASSI
A1	26642019	26681382	101	26661701	60	28	0.134444	0.326347	3	58399700	69.3263	0	26661701	saltiLASSI
A1	26660908	26700656	101	26680782.5	60	26	0.205556	0.141844	3	58399700	62.2996	0	26680782.5	saltiLASSI
A1	27364045	27440121	101	27402083.5	22	15	0.194215	0.257576	2	58399700	63.0988	0	27402083.5	saltiLASSI
A1	27413011	27463939	101	27438475.5	36	25	0.131173	0.230769	2	58399700	65.3412	0	27438475.5	saltiLASSI
A1	27440121	27477419	101	27458770.5	60	38	0.124444	0.364662	2	58399700	65.35	0	27458770.5	saltiLASSI
A1	52027244	52117004	101	52072124.5	44	24	0.153926	0.438202	3	58399700	64.0805	0	52072124.5	saltiLASSI
A1	52062038	52147121	101	52104580	50	17	0.3976	0.501946	3	58399700	70.6144	0	52104580	saltiLASSI
A1	52117004	52156145	101	52136575	52	14	0.516272	0.441341	3	58399700	64.7482	0	52136575	saltiLASSI
A1	52147121	52173102	101	52160112	50	13	0.4592	0.521523	3	58399700	64.7437	0	52160112	saltiLASSI
A1	52156145	52191804	101	52173975	32	17	0.138672	0.728261	3	58399700	79.6836	0	52173975	saltiLASSI
A1	52173102	52227190	101	52200146.5	6	4	0.5	0.25	3	58399700	79.6677	0	52200146.5	saltiLASSI
A1	52191804	52275501	101	52233653	8	4	0.59375	0.107143	3	58399700	78.8991	0	52233653	saltiLASSI
A1	52590197	52657693	101	52623945.5	60	43	0.085	0.216	2	58399700	57.8116	0	52623945.5	saltiLASSI
A1	52622992	52676621	101	52649807	58	43	0.0808561	0.231818	2	58399700	59.2685	0	52649807	saltiLASSI
A1	112430303	112462329	101	112446316.5	54	23	0.300412	0.272177	4	58399700	73.8774	0	112446316.5	saltiLASSI
A1	112449092	112487917	101	112468505	50	21	0.3248	0.0558912	4	58399700	89.5219	0	112468505	saltiLASSI
A1	112462329	112518804	101	112490567	52	23	0.301775	0.0769231	3	58399700	93.129	0	112490567	saltiLASSI
A1	112487917	112539910	101	112513914	58	30	0.161712	0.526316	2	58399700	116.24	0	112513914	saltiLASSI
A1	112518804	112564251	101	112541528	52	29	0.127959	0.514563	2	58399700	117.53	0	112541528	saltiLASSI
A1	112539910	112592641	101	112566276	54	30	0.180384	0.151832	2	58399700	115.89	0	112566276	saltiLASSI
A1	112564251	112623870	101	112594061	60	29	0.229444	0.13879	2	58399700	71.223	0	112594061	saltiLASSI
A1	136194555	136277085	101	136235820.5	46	28	0.169187	0.160448	4	58399700	62.6207	0	136235820.5	saltiLASSI
A1	164333956	164378186	101	164356071.5	58	27	0.231272	0.161597	3	58399700	59.2196	0	164356071.5	saltiLASSI
A1	164353486	164391023	101	164372255	38	23	0.174515	0.262195	3	58399700	59.22	0	164372255	saltiLASSI
A1	164378186	164426220	101	164402203.5	34	19	0.157439	0.5625	3	58399700	77.2306	0	164402203.5	saltiLASSI
A1	164391023	164449539	101	164420281.5	42	22	0.205215	0.216	3	58399700	90.5647	0	164420281.5	saltiLASSI
A1	164426220	164483146	101	164454683.5	46	26	0.170132	0.209677	3	58399700	96.3787	0	164454683.5	saltiLASSI
A1	195051209	195146399	101	195098804.5	56	36	0.117985	0.24031	2	58399700	64.9506	0	195098804.5	saltiLASSI
A1	195104664	195166025	101	195135345	48	25	0.224826	0.214724	2	58399700	66.181	0	195135345	saltiLASSI
A1	210804428	210846009	101	210825219	44	24	0.171488	0.395	2	58399700	65.6189	0	210825219	saltiLASSI
A1	210827493	210862382	101	210844938	56	29	0.146046	0.324138	2	58399700	71.5151	0	210844938	saltiLASSI
A1	229011675	229065104	101	229038390	50	35	0.0952	0.242105	1	58399700	59.3215	0	229038390	saltiLASSI
A1	229035121	229088396	101	229061759	44	28	0.134298	0.234043	1	58399700	62.0177	0	229061759	saltiLASSI
A1	229065104	229109493	101	229087299	36	29	0.0833333	0.3875	1	58399700	72.3814	0	229087299	saltiLASSI
A1	229088396	229129200	101	229108798.5	48	40	0.0529514	0.478723	1	58399700	66.0328	0	229108798.5	saltiLASSI
A2	62494051	62622612	101	62558332	54	26	0.184499	0.177665	3	58399700	57.1204	242059371.5	304617703.5	saltiLASSI
A2	66472173	66512517	101	66492345.5	50	29	0.1344	0.333333	1	58399700	61.1773	242059371.5	308551717	saltiLASSI
A2	167624451	167665118	101	167644785	56	46	0.0535714	0.666667	2	58399700	59.1112	242059371.5	409704156.5	saltiLASSI
A2	167651181	167682615	101	167666898.5	54	42	0.0651578	0.591667	2	58399700	95.6281	242059371.5	409726270	saltiLASSI
A2	167665118	167699238	101	167682178.5	56	40	0.0956633	0.196721	2	58399700	84.152	242059371.5	409741550	saltiLASSI
A2	167682615	167713827	101	167698221.5	54	35	0.104252	0.209677	2	58399700	57.7813	242059371.5	409757593	saltiLASSI
A2	167699238	167720423	101	167709831	58	39	0.109988	0.24031	2	58399700	58.0981	242059371.5	409769202.5	saltiLASSI
A2	167713827	167743441	101	167728634.5	56	41	0.0778061	0.320225	2	58399700	67.7577	242059371.5	409788006	saltiLASSI
A2	167720423	167768029	101	167744226.5	44	33	0.0816116	0.336066	2	58399700	63.3597	242059371.5	409803598	saltiLASSI
A2	167743441	167778121	101	167760781.5	38	25	0.15374	0.172414	2	58399700	57.0798	242059371.5	409820153	saltiLASSI
A3	17037848	17098427	101	17068138	58	29	0.186683	0.145299	3	58399700	64.1876	413457967	430526105	saltiLASSI
A3	21073922	21109842	101	21091882.5	38	25	0.15374	0.172414	1	58399700	58.3497	413457967	434549849.5	saltiLASSI
A3	29257627	29328938	101	29293283	40	30	0.08375	0.372549	1	58399700	67.0418	413457967	442751250	saltiLASSI
A3	29295824	29342021	101	29318923	40	27	0.125	0.224359	1	58399700	67.6738	413457967	442776890	saltiLASSI
A3	29328938	29355356	101	29342147.5	60	33	0.15	0.152582	1	58399700	73.0606	413457967	442800114.5	saltiLASSI
A3	29342021	29385874	101	29363948	62	39	0.117586	0.309859	1	58399700	77.6263	413457967	442821915	saltiLASSI
A3	29355356	29428681	101	29392019	58	40	0.0998811	0.222222	1	58399700	87.5894	413457967	442849986	saltiLASSI
A3	29385874	29454927	101	29420401	48	35	0.0902778	0.262195	1	58399700	82.5408	413457967	442878368	saltiLASSI
A3	29428681	29479181	101	29453931.5	38	31	0.0761773	0.319149	2	58399700	66.0549	413457967	442911898.5	saltiLASSI
A3	46990092	47005357	101	46997725	42	14	0.455782	0.0783972	4	58399700	66.0193	413457967	460455692	saltiLASSI
A3	46996355	47012832	101	47004594	42	15	0.301587	0.432886	4	58399700	66.0191	413457967	460462561	saltiLASSI
A3	47005357	47020113	101	47012735.5	56	13	0.36926	0.423323	4	58399700	66.0169	413457967	460470702.5	saltiLASSI
A3	47012832	47026829	101	47019831	58	13	0.389417	0.43662	4	58399700	64.6825	413457967	460477798	saltiLASSI
A3	47020113	47033812	101	47026963	38	16	0.189751	0.604938	4	58399700	60.6231	413457967	460484930	saltiLASSI
A3	47026829	47043044	101	47034937	30	20	0.137778	0.304348	4	58399700	58.6966	413457967	460492904	saltiLASSI
A3	47043044	47069199	101	47056122	50	26	0.1264	0.573684	4	58399700	67.6742	413457967	460514089	saltiLASSI
A3	119966956	120015283	101	119991120	48	37	0.0703125	0.438596	3	58399700	66.6905	413457967	533449087	saltiLASSI
A3	119985809	120038028	101	120011919	56	38	0.116709	0.228346	3	58399700	62.4519	413457967	533469886	saltiLASSI
A3	120015283	120062647	101	120038965.5	54	35	0.115226	0.222222	2	58399700	75.5272	413457967	533496932.5	saltiLASSI
A3	120038028	120091218	101	120064623.5	56	39	0.0969388	0.252212	2	58399700	79.9987	413457967	533522590.5	saltiLASSI
A3	120062647	120104801	101	120083724.5	52	35	0.133136	0.265217	2	58399700	87.5648	413457967	533541691.5	saltiLASSI
A3	120091218	120153369	101	120122294	54	40	0.100823	0.217593	2	58399700	96.0842	413457967	533580261	saltiLASSI
A3	120104801	120187312	101	120146057	58	48	0.0564804	0.333333	1	58399700	96.7328	413457967	533604024	saltiLASSI
A3	120153369	120206627	101	120179998.5	54	39	0.0754458	0.375	1	58399700	104.268	413457967	533637965.5	saltiLASSI
A3	120187312	120227474	101	120207393.5	56	40	0.0867347	0.231818	1	58399700	100.802	413457967	533665360.5	saltiLASSI
A3	120206627	120257338	101	120231983	56	41	0.0950255	0.190083	1	58399700	96.3983	413457967	533689950	saltiLASSI
A3	120227474	120294005	101	120260740	54	39	0.101509	0.224771	1	58399700	75.562	413457967	533718707	saltiLASSI
A3	120257338	120319036	101	120288187.5	54	39	0.0919067	0.217593	1	58399700	60.3688	413457967	533746154.5	saltiLASSI
A3	122906256	122970920	101	122938588.5	48	37	0.0789931	0.295775	2	58399700	69.3424	413457967	536396555.5	saltiLASSI
A3	122938416	122995089	101	122966753	40	28	0.13875	0.172414	1	58399700	80.2052	413457967	536424720	saltiLASSI
A3	124293156	124353900	101	124323528.5	56	35	0.098852	0.228346	1	58399700	71.0745	413457967	537781495.5	saltiLASSI
A3	124318262	124369235	101	124343749	56	36	0.140306	0.119565	1	58399700	80.4907	413457967	537801716	saltiLASSI
A3	124353900	124394048	101	124373974.5	54	35	0.125514	0.152318	1	58399700	63.6162	413457967	537831941.5	saltiLASSI
A3	126926446	127001009	101	126963728	56	41	0.0778061	0.265306	2	58399700	64.3008	413457967	540421695	saltiLASSI
A3	126963548	127030729	101	126997139	40	29	0.1225	0.203947	2	58399700	77.0348	413457967	540455106	saltiLASSI
A3	127001009	127050887	101	127025948.5	34	23	0.16436	0.171233	2	58399700	73.1197	413457967	540483915.5	saltiLASSI
A3	127030729	127090972	101	127060851	48	27	0.157986	0.222222	2	58399700	58.2054	413457967	540518818	saltiLASSI
A3	127102204	127141589	101	127121897	46	22	0.163516	0.362832	2	58399700	59.0894	413457967	540579864	saltiLASSI
A3	127405086	127451613	101	127428350	42	27	0.145125	0.171569	1	58399700	61.8807	413457967	540886317	saltiLASSI
A3	127426739	127482905	101	127454822.5	60	38	0.0877778	0.246154	1	58399700	67.9681	413457967	540912789.5	saltiLASSI
A3	127451613	127515710	101	127483662	58	41	0.0992866	0.216	1	58399700	67.3919	413457967	540941629	saltiLASSI
A3	127482905	127530931	101	127506918.5	54	36	0.124829	0.222222	1	58399700	66.9242	413457967	540964885.5	saltiLASSI
A3	127957957	128020869	101	127989413.5	52	41	0.0547337	0.448276	2	58399700	60.7169	413457967	541447380.5	saltiLASSI
A3	127996100	128046120	101	128021110.5	50	34	0.0784	0.515152	2	58399700	72.9027	413457967	541479077.5	saltiLASSI
A3	128020869	128075175	101	128048022.5	58	30	0.213436	0.107011	2	58399700	65.1491	413457967	541505989.5	saltiLASSI
A3	128117398	128188658	101	128153028.5	56	31	0.196429	0.122807	2	58399700	89.4068	413457967	541610995.5	saltiLASSI
A3	128135915	128220931	101	128178423.5	26	18	0.127219	0.553571	2	58399700	89.3814	413457967	541636390.5	saltiLASSI
A3	130661590	130699055	101	130680323	54	33	0.0967078	0.314286	1	58399700	64.2176	413457967	544138290	saltiLASSI
A3	130676838	130714215	101	130695527	26	15	0.207101	0.221154	1	58399700	58.0827	413457967	544153494	saltiLASSI
A3	130714215	130763833	101	130739024.5	34	24	0.143599	0.159722	1	58399700	62.9013	413457967	544196991.5	saltiLASSI
A3	130763833	130812255	101	130788044.5	32	25	0.101562	0.355263	1	58399700	61.8811	413457967	544246011.5	saltiLASSI
A3	130784827	130836612	101	130810720	12	10	0.166667	0.75	1	58399700	71.7347	413457967	544268687	saltiLASSI
A3	130812255	130862334	101	130837295	12	10	0.166667	0.75	1	58399700	62.7171	413457967	544295262	saltiLASSI
A3	141718783	141773968	101	141746376	38	21	0.217452	0.114173	1	58399700	72.0765	413457967	555204343	saltiLASSI
A3	141745514	141799226	101	141772370.5	38	23	0.193906	0.125	1	58399700	90.3591	413457967	555230337.5	saltiLASSI
A3	141773968	141822361	101	141798165	42	31	0.0782313	0.396226	1	58399700	77.4209	413457967	555256132	saltiLASSI
A3	141799226	141836333	101	141817780	34	26	0.0813149	0.485714	1	58399700	60.3735	413457967	555275747	saltiLASSI
A3	141874625	141926615	101	141900620.5	60	41	0.095	0.289916	3	58399700	59.1363	413457967	555358587.5	saltiLASSI
A3	141902596	141935386	101	141918991.5	52	33	0.0931953	0.418605	3	58399700	60.9891	413457967	555376958.5	saltiLASSI
A3	141926615	141950833	101	141938724.5	52	40	0.0554734	0.75	3	58399700	58.152	413457967	555396691.5	saltiLASSI
B1	117432117	117500870	101	117466494	26	19	0.106509	0.519231	3	58399700	67.7296	556593727	674060221	saltiLASSI
B1	117472119	117512530	101	117492325	48	25	0.110243	0.711765	2	58399700	101.147	556593727	674086052	saltiLASSI
B1	117500870	117519086	101	117509978.5	54	17	0.366255	0.272277	3	58399700	125.12	556593727	674103705.5	saltiLASSI
B1	117512530	117523001	101	117517766	54	13	0.556241	0.0369497	3	58399700	133.302	556593727	674111493	saltiLASSI
B1	117519086	117532929	101	117526008	52	23	0.246302	0.175799	3	58399700	133.315	556593727	674119735	saltiLASSI
B1	117523001	117564447	101	117543724.5	50	19	0.3272	0.126354	3	58399700	141.671	556593727	674137451.5	saltiLASSI
B1	117532929	117583712	101	117558321	50	17	0.3744	0.0889213	3	58399700	123.366	556593727	674152048	saltiLASSI
B1	117564447	117588916	101	117576682	54	17	0.344307	0.168239	3	58399700	130.177	556593727	674170409	saltiLASSI
B1	117583712	117601158	101	117592435.5	60	16	0.497778	0.37931	3	58399700	119.488	556593727	674186162.5	saltiLASSI
B1	117588916	117624921	101	117606919	58	19	0.340071	0.410131	4	58399700	118.21	556593727	674200646	saltiLASSI
B1	117601158	117653317	101	117627238	52	28	0.153846	0.239865	4	58399700	82.8629	556593727	674220965	saltiLASSI
B1	117624921	117664410	101	117644666	54	25	0.1893	0.243455	4	58399700	57.1718	556593727	674238393	saltiLASSI
B1	185442240	185510468	101	185476354.5	40	26	0.12625	0.295775	2	58399700	62.6783	556593727	742070081.5	saltiLASSI
B1	185466533	185521415	101	185493974.5	34	24	0.110727	0.430233	2	58399700	61.9107	556593727	742087701.5	saltiLASSI
B1	188296860	188355754	101	188326307.5	44	34	0.071281	0.396226	1	58399700	59.467	556593727	744920034.5	saltiLASSI
B1	201092750	201143377	101	201118064	56	40	0.0867347	0.28	1	58399700	66.6325	556593727	757711791	saltiLASSI
B1	201449348	201493782	101	201471565.5	16	16	0.0703125	0.9375	1	58399700	64.4098	556593727	758065292.5	saltiLASSI
B1	201481227	201513691	101	201497459.5	36	27	0.112654	0.263636	1	58399700	60.0494	556593727	758091186.5	saltiLASSI
B1	202589330	202658135	101	202623733	58	44	0.0653983	0.3125	1	58399700	60.8049	556593727	759217460	saltiLASSI
B1	202612977	202684553	101	202648765.5	58	41	0.0743163	0.287129	1	58399700	77.3689	556593727	759242492.5	saltiLASSI
B1	202658135	202711355	101	202684745.5	60	40	0.103889	0.207746	1	58399700	93.0724	556593727	759278472.5	saltiLASSI
B1	202684553	202735777	101	202710165.5	44	31	0.105372	0.24375	1	58399700	88.8167	556593727	759303892.5	saltiLASSI
B1	202711355	202762973	101	202737164.5	46	35	0.0850662	0.285714	1	58399700	92.052	556593727	759330891.5	saltiLASSI
B1	202735777	202794812	101	202765295	60	45	0.0761111	0.238739	1	58399700	90.8472	556593727	759359022	saltiLASSI
B1	202847167	202889048	101	202868108	36	25	0.131173	0.230769	1	58399700	84.3069	556593727	759461835	saltiLASSI
B1	202867302	202905095	101	202886199	38	35	0.0360111	0.909091	1	58399700	84.2994	556593727	759479926	saltiLASSI
B1	202889048	202935702	101	202912375.5	32	31	0.0371094	0.882353	1	58399700	113.138	556593727	759506102.5	saltiLASSI
B1	202905095	202950264	101	202927680	44	35	0.0702479	0.384615	1	58399700	115.792	556593727	759521407	saltiLASSI
B1	202935702	202970361	101	202953032	56	41	0.0950255	0.190083	1	58399700	133.864	556593727	759546759	saltiLASSI
B1	202950264	202985472	101	202967868.5	56	42	0.0943878	0.183333	1	58399700	166.834	556593727	759561595.5	saltiLASSI
B1	202970361	203002055	101	202986208.5	56	39	0.096301	0.203252	1	58399700	164.994	556593727	759579935.5	saltiLASSI
B1	202985472	203016959	101	203001216	60	45	0.0838889	0.203252	1	58399700	165.022	556593727	759594943	saltiLASSI
B1	203002055	203044940	101	203023498	60	45	0.0838889	0.203252	1	58399700	206.288	556593727	759617225	saltiLASSI
B1	203016959	203066527	101	203041743.5	60	44	0.0844444	0.209677	1	58399700	236.469	556593727	759635470.5	saltiLASSI
B1	203044940	203086011	101	203065476	60	45	0.0838889	0.203252	1	58399700	236.014	556593727	759659203	saltiLASSI
B1	203066527	203105123	101	203085825.5	58	45	0.0796671	0.183333	1	58399700	233.112	556593727	759679552.5	saltiLASSI
B1	203086011	203148334	101	203117173	60	43	0.0933333	0.222222	1	58399700	175.539	556593727	759710900	saltiLASSI
B1	203105123	203168797	101	203136960.5	58	41	0.0903686	0.209677	1	58399700	153.496	556593727	759730687.5	saltiLASSI
B1	203148334	203198945	101	203173640	56	39	0.105867	0.209677	2	58399700	91.7548	556593727	759767367	saltiLASSI
B1	203168797	203222218	101	203195508	56	42	0.0854592	0.217593	1	58399700	93.3662	556593727	759789235	saltiLASSI
B1	203198945	203231311	101	203215128.5	52	35	0.0909763	0.327778	1	58399700	93.3328	556593727	759808855.5	saltiLASSI
B1	203222218	203245410	101	203233814.5	26	20	0.0887574	0.636364	2	58399700	81.163	556593727	759827541.5	saltiLASSI
B1	203231311	203264722	101	203248017	28	23	0.0892857	0.37931	2	58399700	67.6929	556593727	759841744	saltiLASSI
B1	203245410	203294322	101	203269866.5	54	41	0.0816187	0.452703	1	58399700	85.7058	556593727	759863593.5	saltiLASSI
B1	203264722	203320123	101	203292423	58	44	0.0725327	0.474026	1	58399700	99.0074	556593727	759886150	saltiLASSI
B1	203294322	203347235	101	203320779	56	45	0.067602	0.234043	1	58399700	93.7266	556593727	759914506	saltiLASSI
B1	203320123	203377444	101	203348784	56	44	0.0682398	0.288235	2	58399700	92.076	556593727	759942511	saltiLASSI
B1	203347235	203393309	101	203370272.5	50	38	0.0928	0.179612	2	58399700	83.809	556593727	759963999.5	saltiLASSI
B1	203377444	203409512	101	203393478.5	52	39	0.0968935	0.162393	2	58399700	58.2118	556593727	759987205.5	saltiLASSI
B2	4544967	4585448	101	4565208	40	28	0.12375	0.275362	1	58399700	63.4962	764721701	769286909	saltiLASSI
B2	4568108	4592819	101	4580464	52	33	0.111686	0.203252	1	58399700	79.8631	764721701	769302165	saltiLASSI
B2	4585448	4618116	101	4601782.5	48	30	0.128472	0.183333	1	58399700	104.176	764721701	769323483.5	saltiLASSI
B2	4592819	4642643	101	4617731.5	32	21	0.162109	0.206349	1	58399700	128.463	764721701	769339432.5	saltiLASSI
B2	4618116	4652737	101	4635427	36	25	0.131173	0.230769	1	58399700	135.429	764721701	769357128	saltiLASSI
B2	4642643	4685028	101	4663836	58	45	0.0719382	0.257732	1	58399700	125.926	764721701	769385537	saltiLASSI
B2	4652737	4698277	101	4675507.5	56	43	0.0765306	0.25	1	58399700	133.436	764721701	769397208.5	saltiLASSI
B2	4685028	4713374	101	4699201.5	58	36	0.121879	0.184713	1	58399700	121.488	764721701	769420902.5	saltiLASSI
B2	4698277	4733261	101	4715769.5	56	38	0.0969388	0.209677	1	58399700	112.725	764721701	769437470.5	saltiLASSI
B2	4713374	4747993	101	4730684	56	41	0.0950255	0.190083	1	58399700	100.955	764721701	769452385	saltiLASSI
B2	4733261	4768652	101	4750957	50	36	0.116	0.162393	1	58399700	107.923	764721701	769472658	saltiLASSI
B2	4747993	4811394	101	4779694	30	25	0.0688889	0.652174	1	58399700	76.7456	764721701	769501395	saltiLASSI
B2	4768652	4834640	101	4801646.5	34	30	0.0553633	0.666667	1	58399700	60.6287	764721701	769523347.5	saltiLASSI
B2	38771643	38832465	101	38802054.5	44	31	0.117769	0.2	1	58399700	84.3204	764721701	803523755.5	saltiLASSI
B2	38800630	38850875	101	38825753	50	35	0.1168	0.169492	1	58399700	103.984	764721701	803547454	saltiLASSI
B2	38832465	38877833	101	38855149.5	52	37	0.0887574	0.25	1	58399700	129.479	764721701	803576850.5	saltiLASSI
B2	38850875	38899198	101	38875037	54	39	0.0829904	0.257732	1	58399700	129.489	764721701	803596738	saltiLASSI
B2	38877833	38918782	101	38898308	58	39	0.120095	0.207746	1	58399700	124.626	764721701	803620009	saltiLASSI
B2	38899198	38936743	101	38917971	56	40	0.0867347	0.231818	1	58399700	115.736	764721701	803639672	saltiLASSI
B2	38918782	38954204	101	38936493.5	52	43	0.0599112	0.295775	1	58399700	72.1412	764721701	803658194.5	saltiLASSI
B2	38936743	38971725	101	38954234.5	44	35	0.0795455	0.253731	1	58399700	74.8461	764721701	803675935.5	saltiLASSI
B2	40982075	41037827	101	41009951.5	58	41	0.0992866	0.216	2	58399700	61.0497	764721701	805731652.5	saltiLASSI
B2	41004241	41079212	101	41041727	60	39	0.113889	0.274074	2	58399700	63.4157	764721701	805763428	saltiLASSI
B2	41858529	41887086	101	41872808	60	25	0.17	0.395161	3	58399700	66.5097	764721701	806594509	saltiLASSI
B2	41874138	41911245	101	41892692	60	32	0.14	0.363636	2	58399700	74.2821	764721701	806614393	saltiLASSI
B2	41887086	41937773	101	41912430	58	40	0.0909631	0.258772	2	58399700	76.8816	764721701	806634131	saltiLASSI
B2	41911245	41960346	101	41935796	58	25	0.216409	0.123188	2	58399700	77.0051	764721701	806657497	saltiLASSI
B2	41937773	41973287	101	41955530.5	60	26	0.217778	0.118333	2	58399700	70.4081	764721701	806677231.5	saltiLASSI
B2	41960346	41992327	101	41976337	58	24	0.235434	0.260246	3	58399700	61.7814	764721701	806698038	saltiLASSI
B2	41973287	42019269	101	41996278.5	56	35	0.108418	0.234375	3	58399700	61.5396	764721701	806717979.5	saltiLASSI
B2	41992327	42041328	101	42016828	58	35	0.112961	0.268657	2	58399700	57.572	764721701	806738529	saltiLASSI
B2	115856087	115921537	101	115888812.5	42	22	0.201814	0.123288	2	58399700	57.3077	764721701	880610513.5	saltiLASSI
B2	138169671	138214103	101	138191887.5	36	29	0.0833333	0.3875	1	58399700	79.4655	764721701	902913588.5	saltiLASSI
B2	138195746	138254191	101	138224969	50	43	0.0384	0.671053	1	58399700	98.3692	764721701	902946670	saltiLASSI
B2	138214103	138271030	101	138242567	56	43	0.0765306	0.25	1	58399700	96.3657	764721701	902964268	saltiLASSI
B2	138254191	138282171	101	138268181.5	38	25	0.171745	0.109091	1	58399700	86.4443	764721701	902989882.5	saltiLASSI
B2	138271030	138294230	101	138282630.5	40	24	0.21625	0.0921986	1	58399700	83.5065	764721701	903004331.5	saltiLASSI
B2	138282171	138305498	101	138293835	56	39	0.096301	0.203252	1	58399700	72.6462	764721701	903015536	saltiLASSI
B2	138294230	138315937	101	138305084	56	37	0.107143	0.222222	1	58399700	72.6359	764721701	903026785	saltiLASSI
B2	150187006	150214704	101	150200855.5	18	15	0.117284	0.653846	1	58399700	58.4235	764721701	914922556.5	saltiLASSI
B2	150206426	150229053	101	150217740	32	25	0.0761719	0.568966	1	58399700	67.125	764721701	914939441	saltiLASSI
B2	150214704	150242526	101	150228615.5	60	48	0.0672222	0.257732	1	58399700	57.1602	764721701	914950316.5	saltiLASSI
B2	150242526	150287422	101	150264974.5	48	35	0.0902778	0.262195	1	58399700	60.0366	764721701	914986675.5	saltiLASSI
B2	150287422	150315568	101	150301495.5	56	43	0.0765306	0.25	1	58399700	59.8411	764721701	915023196.5	saltiLASSI
B2	150304830	150323690	101	150314260.5	58	36	0.102259	0.295833	1	58399700	59.8315	764721701	915035961.5	saltiLASSI
B2	150315568	150340469	101	150328019	62	40	0.0915713	0.37931	1	58399700	78.3395	764721701	915049720	saltiLASSI
B2	150323690	150365641	101	150344666	60	43	0.0577778	0.474026	1	58399700	76.4263	764721701	915066367	saltiLASSI
B2	150436118	150489389	101	150462754	46	31	0.110586	0.4375	2	58399700	57.1352	764721701	915184455	saltiLASSI
B3	15283092	15321964	101	15302528.5	44	25	0.220041	0.469298	3	58399700	61.4753	919909275.5	935211804	saltiLASSI
B3	15299957	15339614	101	15319786	36	21	0.155864	0.376923	3	58399700	65.5111	919909275.5	935229061.5	saltiLASSI
B3	15321964	15355578	101	15338771.5	28	19	0.153061	0.272727	3	58399700	84.2039	919909275.5	935248047	saltiLASSI
B3	15339614	15376529	101	15358072	28	21	0.127551	0.238095	2	58399700	90.207	919909275.5	935267347.5	saltiLASSI
B3	15355578	15395692	101	15375635.5	58	38	0.112366	0.318548	3	58399700	83.6551	919909275.5	935284911	saltiLASSI
B3	15376529	15422470	101	15399500	60	45	0.0761111	0.238739	3	58399700	100.882	919909275.5	935308775.5	saltiLASSI
B3	15395692	15444064	101	15419878.5	56	42	0.0854592	0.217593	3	58399700	66.4523	919909275.5	935329154	saltiLASSI
B3	15422470	15467657	101	15445064	48	30	0.155382	0.129252	3	58399700	59.0689	919909275.5	935354339.5	saltiLASSI
B3	21073184	21120899	101	21097042	60	19	0.372778	0.0687984	3	58399700	58.7547	919909275.5	941006317.5	saltiLASSI
B3	21089160	21160146	101	21124653.5	40	18	0.2675	0.473913	3	58399700	58.7447	919909275.5	941033929	saltiLASSI
B3	77782663	77862570	101	77822617	58	34	0.157551	0.359477	3	58399700	63.831	919909275.5	997731892.5	saltiLASSI
B3	77826580	77964870	101	77895725.5	56	29	0.173469	0.3875	3	58399700	60.9048	919909275.5	997805001	saltiLASSI
B4	3269171	3301182	101	3285177	54	30	0.141289	0.339844	2	58399700	67.812	1069596918	1072882095	saltiLASSI
B4	3285133	3315885	101	3300509.5	18	17	0.0740741	0.8	2	58399700	92.6263	1069596918	1072897427.5	saltiLASSI
B4	3301182	3344216	101	3322699.5	18	17	0.0740741	0.8	2	58399700	90.5653	1069596918	1072919617.5	saltiLASSI
B4	3315885	3359468	101	3337677	56	40	0.115434	0.271552	2	58399700	80.9352	1069596918	1072934595	saltiLASSI
B4	3344216	3372647	101	3358432	52	39	0.0968935	0.474026	2	58399700	65.8543	1069596918	1072955350	saltiLASSI
B4	3426050	3482978	101	3454514.5	18	9	0.290123	0.257576	2	58399700	59.1845	1069596918	1073051432.5	saltiLASSI
B4	3869091	3904532	101	3886812	52	36	0.0998521	0.272727	3	58399700	61.7686	1069596918	1073483730	saltiLASSI
B4	3892727	3916101	101	3904414.5	60	39	0.0961111	0.301653	3	58399700	79.2383	1069596918	1073501332.5	saltiLASSI
B4	3904532	3933135	101	3918834	54	37	0.0843621	0.327778	3	58399700	79.568	1069596918	1073515752	saltiLASSI
B4	3916101	3952785	101	3934443.5	44	34	0.0805785	0.325	3	58399700	81.1521	1069596918	1073531361.5	saltiLASSI
B4	3933135	3968408	101	3950772	48	35	0.100694	0.217391	3	58399700	90.2765	1069596918	1073547690	saltiLASSI
B4	3952785	4004694	101	3978740	52	38	0.0976331	0.20283	3	58399700	91.2266	1069596918	1073575658	saltiLASSI
B4	3968408	4024310	101	3996359.5	54	40	0.100823	0.217593	3	58399700	69.8174	1069596918	1073593277.5	saltiLASSI
B4	15499152	15542542	101	15520847.5	14	10	0.22449	0.264706	1	58399700	65.6436	1069596918	1085117765.5	saltiLASSI
B4	20833660	20923025	101	20878343	60	48	0.0672222	0.257732	1	58399700	67.5288	1069596918	1090475261	saltiLASSI
B4	20861190	20972086	101	20916638.5	60	47	0.0677778	0.265306	1	58399700	76.887	1069596918	1090513556.5	saltiLASSI
B4	20923025	21018342	101	20970684	58	43	0.0731272	0.272727	1	58399700	77.9479	1069596918	1090567602	saltiLASSI
B4	20972086	21052253	101	21012170	56	40	0.0784439	0.272727	1	58399700	61.4913	1069596918	1090609088	saltiLASSI
C1	100039950	100090222	101	100065086.5	40	29	0.09625	0.396226	4	58399700	58.2762	1214045100.5	1314110187	saltiLASSI
C1	100061962	100111362	101	100086662.5	42	25	0.132653	0.4375	4	58399700	61.9594	1214045100.5	1314131763	saltiLASSI
C1	125026978	125062013	101	125044496	54	29	0.102195	0.42381	3	58399700	73.259	1214045100.5	1339089596.5	saltiLASSI
C1	125045242	125081476	101	125063359.5	50	28	0.1048	0.450549	3	58399700	77.8087	1214045100.5	1339108460	saltiLASSI
C1	125062013	125106669	101	125084341.5	50	19	0.3704	0.0754438	3	58399700	88.6416	1214045100.5	1339129442	saltiLASSI
C1	125081476	125130584	101	125106030.5	42	15	0.395692	0.0963115	3	58399700	74.3539	1214045100.5	1339151131	saltiLASSI
C1	125106669	125163737	101	125135203.5	48	19	0.375	0.10034	3	58399700	62.2795	1214045100.5	1339180304	saltiLASSI
C1	125163737	125204348	101	125184043	50	21	0.1832	0.640288	3	58399700	68.0214	1214045100.5	1339229143.5	saltiLASSI
C1	125184412	125220354	101	125202383.5	52	20	0.200444	0.624224	3	58399700	82.5373	1214045100.5	1339247484	saltiLASSI
C1	125204348	125257875	101	125231112	44	28	0.0981405	0.694915	3	58399700	64.3741	1214045100.5	1339276212.5	saltiLASSI
C1	145562666	145608401	101	145585534	34	23	0.129758	0.372549	3	58399700	58.9326	1214045100.5	1359630634.5	saltiLASSI
C2	127509526	127601104	101	127555315.5	22	14	0.169421	0.68	2	58399700	59.2294	1436758089.5	1564313405	saltiLASSI
C2	136426072	136465132	101	136445602.5	46	24	0.224008	0.44186	3	58399700	66.603	1436758089.5	1573203692	saltiLASSI
C2	136435241	136496038	101	136465640	50	36	0.0856	0.350649	3	58399700	60.3329	1436758089.5	1573223729.5	saltiLASSI
C2	139378444	139413637	101	139396041	40	30	0.095	0.301724	1	58399700	59.1432	1436758089.5	1576154130.5	saltiLASSI
C2	139394286	139436164	101	139415225.5	32	23	0.138672	0.235849	1	58399700	59.1594	1436758089.5	1576173315	saltiLASSI
C2	139413637	139453204	101	139433421	46	26	0.203214	0.0949721	1	58399700	59.245	1436758089.5	1576191510.5	saltiLASSI
C2	139436164	139472636	101	139454400.5	62	27	0.192508	0.141844	1	58399700	78.8661	1436758089.5	1576212490	saltiLASSI
C2	139453204	139499358	101	139476281.5	60	23	0.221111	0.189338	1	58399700	104.392	1436758089.5	1576234371	saltiLASSI
C2	139472636	139517846	101	139495241.5	46	30	0.123819	0.242105	1	58399700	111.471	1436758089.5	1576253331	saltiLASSI
C2	139499358	139535487	101	139517423	42	29	0.102041	0.285714	1	58399700	87.9035	1436758089.5	1576275512.5	saltiLASSI
C2	139517846	139556830	101	139537338.5	52	27	0.128698	0.307377	1	58399700	87.1143	1436758089.5	1576295428	saltiLASSI
C2	139535487	139576968	101	139556228	54	37	0.102881	0.196721	2	58399700	64.9425	1436758089.5	1576314317.5	saltiLASSI
C2	154370688	154431763	101	154401226	60	34	0.151667	0.276836	4	58399700	58.6215	1436758089.5	1591159315.5	saltiLASSI
C2	154400393	154478311	101	154439352.5	50	26	0.1792	0.3	4	58399700	58.6836	1436758089.5	1591197442	saltiLASSI
C2	155500870	155540292	101	155520581.5	46	33	0.108696	0.208791	1	58399700	69.4883	1436758089.5	1592278671	saltiLASSI
C2	155517766	155563717	101	155540742	46	32	0.109641	0.217391	1	58399700	70.6279	1436758089.5	1592298831.5	saltiLASSI
C2	155540292	155579775	101	155560034	40	24	0.1775	0.234043	1	58399700	69.2131	1436758089.5	1592318123.5	saltiLASSI
C2	155563717	155601387	101	155582552.5	50	31	0.1208	0.300971	1	58399700	63.1383	1436758089.5	1592340642	saltiLASSI
C2	156808677	156878989	101	156843833.5	46	30	0.137051	0.20283	1	58399700	64.896	1436758089.5	1593601923	saltiLASSI
C2	156846057	156887045	101	156866551.5	36	28	0.0848765	0.402439	1	58399700	60.9634	1436758089.5	1593624641	saltiLASSI
C2	156887045	156916391	101	156901718.5	56	37	0.088648	0.252212	1	58399700	57.7612	1436758089.5	1593659808	saltiLASSI
C2	156899750	156928978	101	156914364.5	50	36	0.0944	0.234043	1	58399700	72.8633	1436758089.5	1593672454	saltiLASSI
C2	156916391	156940213	101	156928302.5	48	30	0.128472	0.183333	1	58399700	104.286	1436758089.5	1593686392	saltiLASSI
C2	156928978	156952401	101	156940690	50	32	0.144	0.135135	1	58399700	103.806	1436758089.5	1593698779.5	saltiLASSI
C2	156940213	156965572	101	156952893	58	38	0.110583	0.168831	1	58399700	95.2999	1436758089.5	1593710982.5	saltiLASSI
C2	156952401	156977165	101	156964783.5	36	22	0.152778	0.357143	1	58399700	97.019	1436758089.5	1593722873	saltiLASSI
C2	156965572	156992073	101	156978823	36	21	0.154321	0.367188	1	58399700	88.3196	1436758089.5	1593736912.5	saltiLASSI
C2	156977165	157001134	101	156989150	44	28	0.0971074	0.395522	1	58399700	96.0745	1436758089.5	1593747239.5	saltiLASSI
C2	156992073	157009790	101	157000932	42	33	0.0589569	0.55	1	58399700	97.0686	1436758089.5	1593759021.5	saltiLASSI
C2	157001134	157020488	101	157010811.5	58	43	0.0659929	0.320225	1	58399700	85.3874	1436758089.5	1593768901	saltiLASSI
C2	157009790	157039288	101	157024539.5	62	44	0.0806452	0.228346	1	58399700	76.3929	1436758089.5	1593782629	saltiLASSI
C2	157020488	157054044	101	157037266.5	62	45	0.0801249	0.222222	1	58399700	72.0036	1436758089.5	1593795356	saltiLASSI
C2	157420077	157516026	101	157468052	56	42	0.0771684	0.257732	1	58399700	66.4535	1436758089.5	1594226141.5	saltiLASSI
C2	157468276	157546075	101	157507176	54	39	0.0829904	0.257732	1	58399700	61.6688	1436758089.5	1594265265.5	saltiLASSI
C2	157604795	157652299	101	157628547.5	28	20	0.15051	0.255814	1	58399700	66.8503	1436758089.5	1594386637	saltiLASSI
C2	157639581	157669579	101	157654580.5	20	13	0.195	0.333333	1	58399700	73.9286	1436758089.5	1594412670	saltiLASSI
C2	157652299	157694861	101	157673580.5	20	13	0.165	0.456522	1	58399700	75.1336	1436758089.5	1594431670	saltiLASSI
C2	157669579	157710667	101	157690123.5	16	8	0.414062	0.135135	1	58399700	69.7156	1436758089.5	1594448213	saltiLASSI
C2	157694861	157729175	101	157712018.5	28	15	0.211735	0.206349	1	58399700	74.5287	1436758089.5	1594470108	saltiLASSI
C2	157710667	157761239	101	157735953.5	60	42	0.112222	0.139881	1	58399700	74.4505	1436758089.5	1594494043	saltiLASSI
C2	157729175	157790640	101	157759908	46	34	0.10775	0.2	1	58399700	83.673	1436758089.5	1594517997.5	saltiLASSI
C2	157761239	157808512	101	157784876	40	30	0.1075	0.242424	1	58399700	85.251	1436758089.5	1594542965.5	saltiLASSI
C2	157790640	157823542	101	157807091.5	42	29	0.102041	0.285714	1	58399700	90.6799	1436758089.5	1594565181	saltiLASSI
C2	157808512	157845793	101	157827153	36	18	0.197531	0.171569	1	58399700	83.0019	1436758089.5	1594585242.5	saltiLASSI
C2	157823542	157882055	101	157852799	40	27	0.125	0.224359	1	58399700	77.0518	1436758089.5	1594610888.5	saltiLASSI
C2	158151823	158226505	101	158189164.5	58	42	0.0814507	0.238739	1	58399700	80.6317	1436758089.5	1594947254	saltiLASSI
C2	158204978	158256632	101	158230805.5	58	38	0.0760999	0.307692	1	58399700	93.4728	1436758089.5	1594988895	saltiLASSI
C2	158226505	158281388	101	158253947	42	28	0.129252	0.2	1	58399700	92.865	1436758089.5	1595012036.5	saltiLASSI
C2	158256632	158308290	101	158282461.5	42	31	0.112245	0.172414	1	58399700	93.2591	1436758089.5	1595040551	saltiLASSI
C2	158281388	158347601	101	158314495	58	46	0.0713436	0.21028	1	58399700	62.6558	1436758089.5	1595072584.5	saltiLASSI
D1	77892149	77981952	101	77937051	48	24	0.227431	0.346667	3	58399700	62.5274	1597919482	1675856533	saltiLASSI
D1	77928247	78002016	101	77965132	46	22	0.243856	0.328767	3	58399700	63.2832	1597919482	1675884614	saltiLASSI
D1	77981952	78020417	101	78001185	54	19	0.277092	0.330579	4	58399700	68.7695	1597919482	1675920667	saltiLASSI
D1	78002016	78033826	101	78017921.5	60	20	0.243889	0.374517	4	58399700	68.7686	1597919482	1675937403.5	saltiLASSI
D1	78020417	78066242	101	78043330	52	20	0.286982	0.283186	4	58399700	68.5661	1597919482	1675962812	saltiLASSI
D1	109260802	109333698	101	109297250.5	54	40	0.0823045	0.25	1	58399700	57.088	1597919482	1707216732.5	saltiLASSI
D2	65882072	65957328	101	65919700.5	28	22	0.107143	0.4	2	58399700	88.9574	1715449249	1781368949.5	saltiLASSI
D2	65913825	65995776	101	65954801	30	19	0.142222	0.55	1	58399700	138.034	1715449249	1781404050	saltiLASSI
D2	65957328	66019959	101	65988644	50	20	0.3064	0.113553	2	58399700	179.974	1715449249	1781437893	saltiLASSI
D2	65995776	66036639	101	66016208	50	16	0.4968	0.0247619	2	58399700	164.657	1715449249	1781465457	saltiLASSI
D2	66019959	66047633	101	66033796.5	62	17	0.532258	0.0167224	1	334020	159.951	1715449249	1781483045.5	saltiLASSI
D2	66036639	66087048	101	66061844	62	24	0.364724	0.043058	1	144578	140.153	1715449249	1781511093	saltiLASSI
D2	66047633	66104253	101	66075943.5	58	20	0.394768	0.0447761	2	58399700	136.728	1715449249	1781525192.5	saltiLASSI
D2	66087048	66129484	101	66108266.5	56	21	0.320791	0.343636	2	58399700	125.531	1715449249	1781557515.5	saltiLASSI
D2	66104253	66201950	101	66153102	48	34	0.0659722	0.554545	3	58399700	63.9897	1715449249	1781602351	saltiLASSI
D2	74912539	74956705	101	74934622.5	46	33	0.120983	0.140351	1	58399700	63.358	1715449249	1790383871.5	saltiLASSI
D2	74935629	74967329	101	74951479.5	44	27	0.165289	0.169492	1	58399700	79.4912	1715449249	1790400728.5	saltiLASSI
D2	74956705	74995691	101	74976198.5	38	32	0.0443213	0.826923	1	58399700	80.617	1715449249	1790425447.5	saltiLASSI
D2	74967329	75019790	101	74993560	40	36	0.035	0.916667	1	58399700	81.7541	1715449249	1790442809	saltiLASSI
D2	74995691	75039568	101	75017630	56	44	0.0758929	0.242105	1	58399700	76.1251	1715449249	1790466879	saltiLASSI
D2	75019790	75064409	101	75042100	54	42	0.0809328	0.234043	1	58399700	63.6773	1715449249	1790491349	saltiLASSI
D2	75099962	75136801	101	75118382	62	43	0.0738814	0.320755	1	58399700	91.0843	1715449249	1790567631	saltiLASSI
D2	75117546	75160279	101	75138913	60	30	0.135	0.444079	1	58399700	91.0571	1715449249	1790588162	saltiLASSI
D2	75417468	75456357	101	75436913	6	6	0.222222	0.833333	1	58399700	84.3244	1715449249	1790886162	saltiLASSI
D2	75429846	75476635	101	75453241	16	16	0.0703125	0.9375	1	58399700	97.4634	1715449249	1790902490	saltiLASSI
D2	75456357	75493929	101	75475143.5	56	45	0.0605867	0.333333	1	58399700	103.579	1715449249	1790924392.5	saltiLASSI
D2	75476635	75514641	101	75495638.5	52	40	0.0865385	0.225806	1	58399700	99.3593	1715449249	1790944887.5	saltiLASSI
D2	75493929	75543399	101	75518664.5	48	35	0.100694	0.217391	1	58399700	88.323	1715449249	1790967913.5	saltiLASSI
D2	75514641	75572139	101	75543390.5	50	38	0.0928	0.217391	1	58399700	69.4103	1715449249	1790992639.5	saltiLASSI
D2	75543399	75599093	101	75571246.5	56	39	0.105867	0.209677	1	58399700	72.5736	1715449249	1791020495.5	saltiLASSI
D2	75572139	75625363	101	75598751.5	56	39	0.105867	0.209677	1	58399700	82.3558	1715449249	1791048000.5	saltiLASSI
D2	75599093	75644788	101	75621941	60	38	0.0972222	0.263158	1	58399700	62.9578	1715449249	1791071190	saltiLASSI
D2	75625363	75670083	101	75647723.5	26	17	0.174556	0.485714	1	58399700	76.4029	1715449249	1791096972.5	saltiLASSI
D2	75644788	75693262	101	75669025.5	24	14	0.177083	0.454545	1	58399700	76.4012	1715449249	1791118274.5	saltiLASSI
D2	75670083	75710521	101	75690302.5	32	19	0.1875	0.182432	1	58399700	73.4234	1715449249	1791139551.5	saltiLASSI
D2	80150150	80204402	101	80177276.5	22	11	0.367769	0.0970149	2	58399700	61.2272	1715449249	1795626525.5	saltiLASSI
D2	80176450	80228286	101	80202368.5	40	25	0.17625	0.296512	2	58399700	64.4989	1715449249	1795651617.5	saltiLASSI
D2	80204402	80248645	101	80226524	48	32	0.126736	0.265306	2	58399700	74.8948	1715449249	1795675773	saltiLASSI
D2	80228286	80278906	101	80253596.5	56	40	0.0956633	0.363158	2	58399700	73.0656	1715449249	1795702845.5	saltiLASSI
D2	80248645	80291804	101	80270225	56	40	0.0956633	0.444444	2	58399700	76.7428	1715449249	1795719474	saltiLASSI
D2	80278906	80306649	101	80292778	40	28	0.11	0.428571	2	58399700	68.8281	1715449249	1795742027	saltiLASSI
D2	80291804	80324990	101	80308397.5	42	27	0.130385	0.333333	2	58399700	65.8764	1715449249	1795757646.5	saltiLASSI
D2	80306649	80344216	101	80325433	56	36	0.108418	0.283898	2	58399700	65.0678	1715449249	1795774682	saltiLASSI
D3	74062788	74110645	101	74086717	30	23	0.0733333	0.8125	4	58399700	69.5556	1805519969	1879606686	saltiLASSI
D3	74093127	74111177	101	74102152.5	36	17	0.322531	0.283898	4	58399700	66.4975	1805519969	1879622121.5	saltiLASSI
D3	74110645	74112681	101	74111663.5	42	18	0.292517	0.478261	4	58399700	84.0184	1805519969	1879631632.5	saltiLASSI
D3	74111177	74118656	101	74114917	42	19	0.247166	0.576271	4	58399700	84.0236	1805519969	1879634886	saltiLASSI
D3	74112681	74133999	101	74123340.5	30	17	0.186667	0.5	3	58399700	107.219	1805519969	1879643309.5	saltiLASSI
D3	74118656	74148437	101	74133547	24	20	0.0694444	0.875	3	58399700	148.209	1805519969	1879653516	saltiLASSI
D3	74133999	74149692	101	74141846	42	19	0.246032	0.263158	3	58399700	157.788	1805519969	1879661815	saltiLASSI
D3	74148437	74150621	101	74149529.5	44	9	0.710744	0.00889968	3	58399700	157.809	1805519969	1879669498.5	saltiLASSI
D3	74149692	74153724	101	74151708.5	50	12	0.508	0.353372	3	58399700	157.813	1805519969	1879671677.5	saltiLASSI
D3	74150621	74159300	101	74154961	44	16	0.27376	0.197222	3	58399700	155.24	1805519969	1879674930	saltiLASSI
D3	74153724	74162241	101	74157983	36	10	0.246914	0.582474	3	58399700	155.242	1805519969	1879677952	saltiLASSI
D3	74159300	74172947	101	74166124	40	24	0.0875	0.75	3	58399700	159.334	1805519969	1879686093	saltiLASSI
D3	74162241	74178477	101	74170359.5	36	19	0.109568	0.754902	3	58399700	159.34	1805519969	1879690328.5	saltiLASSI
D3	74172947	74180753	101	74176850.5	28	5	0.742347	0.214724	3	58399700	155.89	1805519969	1879696819.5	saltiLASSI
D3	74178477	74182660	101	74180569	38	11	0.588643	0.0259366	3	58399700	155.894	1805519969	1879700538	saltiLASSI
D3	74180753	74187059	101	74183906.5	62	25	0.279917	0.16763	3	58399700	155.895	1805519969	1879703875.5	saltiLASSI
D3	74182660	74218309	101	74200485	32	24	0.0898438	0.470588	3	58399700	167.837	1805519969	1879720454	saltiLASSI
D3	74187059	74219969	101	74203514.5	30	22	0.0866667	0.703704	3	58399700	176.21	1805519969	1879723483.5	saltiLASSI
D3	74218309	74224673	101	74221491.5	44	18	0.336777	0.19	3	58399700	136.541	1805519969	1879741460.5	saltiLASSI
D3	74219969	74226303	101	74223136.5	40	18	0.31625	0.0790816	3	58399700	136.54	1805519969	1879743105.5	saltiLASSI
D3	74224673	74226972	101	74225823	46	20	0.309074	0.118943	3	58399700	130.991	1805519969	1879745792	saltiLASSI
D3	74226303	74228027	101	74227165.5	52	17	0.349112	0.0994236	3	58399700	130.988	1805519969	1879747134.5	saltiLASSI
D3	74226972	74229850	101	74228411.5	54	16	0.432785	0.215259	3	58399700	130.986	1805519969	1879748380.5	saltiLASSI
D3	74228027	74245174	101	74236601	60	39	0.104444	0.257576	3	58399700	131.019	1805519969	1879756570	saltiLASSI
D3	74229850	74279312	101	74254581.5	56	34	0.109694	0.295833	4	58399700	98.1696	1805519969	1879774550.5	saltiLASSI
D3	74245174	74307511	101	74276343	18	13	0.154321	0.529412	4	58399700	80.5619	1805519969	1879796312	saltiLASSI
D3	84979110	85027361	101	85003236	22	11	0.367769	0.0970149	3	58399700	57.1929	1805519969	1890523205	saltiLASSI
D3	85009853	85050937	101	85030395.5	24	13	0.3125	0.110294	3	58399700	61.2446	1805519969	1890550364.5	saltiLASSI
D3	85027361	85067663	101	85047512.5	60	26	0.17	0.612903	3	58399700	59.3421	1805519969	1890567481.5	saltiLASSI
D3	85129714	85207935	101	85168825	16	16	0.0703125	0.9375	3	58399700	63.187	1805519969	1890688794	saltiLASSI
D3	85171607	85228030	101	85199819	18	18	0.0617284	0.944444	3	58399700	58.7579	1805519969	1890719788	saltiLASSI
D3	86545339	86589625	101	86567482.5	30	17	0.186667	0.384615	3	58399700	61.8286	1805519969	1892087451.5	saltiLASSI
D3	86555566	86616564	101	86586065.5	28	21	0.109694	0.419355	3	58399700	76.5636	1805519969	1892106034.5	saltiLASSI
D3	86589625	86630184	101	86609905	54	36	0.0857339	0.411765	3	58399700	92.2212	1805519969	1892129874	saltiLASSI
D3	86616564	86638694	101	86627629.5	56	38	0.0975765	0.314286	3	58399700	93.7755	1805519969	1892147598.5	saltiLASSI
D3	86630184	86656847	101	86643516	50	32	0.144	0.209677	3	58399700	105.132	1805519969	1892163485	saltiLASSI
D3	86638694	86684131	101	86661413	46	27	0.185255	0.135135	3	58399700	100.883	1805519969	1892181382	saltiLASSI
D3	86656847	86696069	101	86676458.5	48	29	0.171007	0.14094	2	58399700	108.905	1805519969	1892196427.5	saltiLASSI
D3	86684131	86704952	101	86694542	58	36	0.13258	0.194969	2	58399700	121.307	1805519969	1892214511	saltiLASSI
D3	86696069	86721542	101	86708806	56	37	0.117347	0.234375	2	58399700	125.339	1805519969	1892228775	saltiLASSI
D3	86704952	86744377	101	86724665	56	40	0.10523	0.252212	2	58399700	127.746	1805519969	1892244634	saltiLASSI
D3	86721542	86758073	101	86739808	48	32	0.126736	0.21028	2	58399700	131.315	1805519969	1892259777	saltiLASSI
D3	86744377	86789478	101	86766928	50	35	0.1168	0.169492	2	58399700	111.913	1805519969	1892286897	saltiLASSI
D3	86758073	86800607	101	86779340.5	58	36	0.111772	0.257576	2	58399700	100.365	1805519969	1892299309.5	saltiLASSI
D3	86789478	86812057	101	86800768	56	28	0.183673	0.122807	2	58399700	95.5473	1805519969	1892320737	saltiLASSI
D3	86800607	86831693	101	86816150.5	42	25	0.147392	0.1875	2	58399700	91.0828	1805519969	1892336119.5	saltiLASSI
D3	86812057	86855586	101	86833822	24	18	0.138889	0.357143	2	58399700	85.7515	1805519969	1892353791	saltiLASSI
D3	86831693	86866635	101	86849164.5	32	23	0.121094	0.304348	2	58399700	57.2593	1805519969	1892369133.5	saltiLASSI
D4	26280315	26340034	101	26310175	56	25	0.297194	0.0439024	1	27086.9	60.4364	1902327202.5	1928637377.5	saltiLASSI
D4	80373174	80425436	101	80399305.5	46	34	0.0680529	0.428571	1	58399700	61.9554	1902327202.5	1982726508	saltiLASSI
D4	80502587	80564724	101	80533656	46	38	0.0642722	0.384615	1	58399700	59.7522	1902327202.5	1982860858.5	saltiLASSI
D4	80524555	80586981	101	80555768.5	38	33	0.0429363	0.82	1	58399700	72.3074	1902327202.5	1982882971	saltiLASSI
D4	80564724	80612809	101	80588767	38	28	0.103878	0.289474	1	58399700	79.8831	1902327202.5	1982915969.5	saltiLASSI
D4	80586981	80627655	101	80607318.5	32	26	0.0859375	0.337838	1	58399700	59.4138	1902327202.5	1982934521	saltiLASSI
E2	11572898	11647415	101	11610157	38	28	0.117729	0.230769	1	58399700	57.8463	2062121999.5	2073732156.5	saltiLASSI
E2	11606004	11695272	101	11650638.5	48	32	0.126736	0.169492	1	58399700	74.7803	2062121999.5	2073772638	saltiLASSI
E2	11647415	11746187	101	11696801.5	50	34	0.1176	0.176471	1	58399700	95.3494	2062121999.5	2073818801	saltiLASSI
E2	11695272	11797354	101	11746313.5	50	36	0.1048	0.242105	1	58399700	69.4827	2062121999.5	2073868313	saltiLASSI
E2	21233915	21260505	101	21247210.5	28	19	0.0994898	0.568966	1	58399700	61.9929	2062121999.5	2083369210	saltiLASSI
E2	21245654	21284387	101	21265021	28	22	0.0918367	0.519231	1	58399700	59.64	2062121999.5	2083387020.5	saltiLASSI
E2	21260505	21298305	101	21279405.5	60	42	0.0938889	0.228346	1	58399700	61.295	2062121999.5	2083401405	saltiLASSI
E2	21372977	21412316	101	21392647	60	39	0.113889	0.274074	2	58399700	77.727	2062121999.5	2083514646.5	saltiLASSI
E2	21394822	21428816	101	21411819.5	62	39	0.117586	0.309859	2	58399700	79.0473	2062121999.5	2083533819	saltiLASSI
E2	21412316	21444922	101	21428619.5	22	14	0.198347	0.4	1	58399700	91.5335	2062121999.5	2083550619	saltiLASSI
E2	21428816	21458972	101	21443894.5	22	13	0.202479	0.419355	1	58399700	84.4846	2062121999.5	2083565894	saltiLASSI
E2	21444922	21477566	101	21461244.5	56	27	0.137117	0.324138	2	58399700	70.6974	2062121999.5	2083583244	saltiLASSI
E2	21559959	21614732	101	21587346	30	26	0.0577778	0.775	1	58399700	78.4978	2062121999.5	2083709345.5	saltiLASSI
E2	21583014	21647111	101	21615063	44	35	0.0702479	0.709302	1	58399700	70.428	2062121999.5	2083737062.5	saltiLASSI
E2	36970485	37012494	101	36991490	40	18	0.31625	0.0790816	1	58399700	65.4317	2062121999.5	2099113489.5	saltiLASSI
E2	36987038	37055691	101	37021365	28	16	0.267857	0.111111	1	58399700	71.5319	2062121999.5	2099143364.5	saltiLASSI
E2	37012494	37091010	101	37051752.5	36	26	0.100309	0.346939	1	58399700	69.5592	2062121999.5	2099173752	saltiLASSI
E3	1883387	1945606	101	1914497	54	39	0.101509	0.183333	1	58399700	65.916	2126140767.5	2128055264.5	saltiLASSI
E3	1918645	1982694	101	1950670	26	16	0.233728	0.110294	1	58399700	63.3553	2126140767.5	2128091437.5	saltiLASSI
E3	1945606	2020209	101	1982908	28	17	0.234694	0.135714	1	58399700	68.1318	2126140767.5	2128123675.5	saltiLASSI
E3	1982694	2029224	101	2005959.5	56	43	0.0765306	0.25	1	58399700	68.1201	2126140767.5	2128146727	saltiLASSI
E3	2020209	2046961	101	2033585.5	56	39	0.0644133	0.452703	1	58399700	77.2026	2126140767.5	2128174353	saltiLASSI
E3	2046961	2112423	101	2079692.5	40	24	0.14375	0.208791	1	58399700	64.9357	2126140767.5	2128220460	saltiLASSI
E3	2088452	2145957	101	2117205	52	34	0.134615	0.222222	1	58399700	63.4557	2126140767.5	2128257972.5	saltiLASSI
E3	2112423	2210163	101	2161293.5	38	24	0.192521	0.117117	1	58399700	67.4335	2126140767.5	2128302061	saltiLASSI
E3	2145957	2254996	101	2200477	42	24	0.181406	0.169492	1	58399700	83.5317	2126140767.5	2128341244.5	saltiLASSI
E3	2210163	2275943	101	2243053.5	58	42	0.0897741	0.203252	1	58399700	75.0579	2126140767.5	2128383821	saltiLASSI
E3	2254996	2311256	101	2283126.5	54	40	0.0823045	0.25	1	58399700	64.8061	2126140767.5	2128423894	saltiLASSI
E3	2275943	2359333	101	2317638.5	48	36	0.0894097	0.253086	1	58399700	59.4983	2126140767.5	2128458406	saltiLASSI
E3	2311256	2401882	101	2356569.5	16	13	0.140625	0.428571	1	58399700	59.0857	2126140767.5	2128497337	saltiLASSI
E3	2359333	2430306	101	2394820	16	13	0.140625	0.428571	1	58399700	62.6911	2126140767.5	2128535587.5	saltiLASSI
E3	3118303	3193668	101	3155986	42	29	0.128118	0.191011	1	58399700	57.2894	2126140767.5	2129296753.5	saltiLASSI
E3	3257673	3291787	101	3274730.5	58	28	0.163496	0.239474	4	58399700	64.7818	2126140767.5	2129415498	saltiLASSI
E3	3278040	3299865	101	3288953	60	27	0.148889	0.423529	3	58399700	72.8321	2126140767.5	2129429720.5	saltiLASSI
E3	3291787	3313405	101	3302596.5	58	24	0.151011	0.423529	4	58399700	64.7339	2126140767.5	2129443364	saltiLASSI
E3	3299865	3328236	101	3314051	56	28	0.114158	0.394958	3	58399700	72.3445	2126140767.5	2129454818.5	saltiLASSI
E3	3313405	3342529	101	3327967.5	56	33	0.100765	0.345455	3	58399700	70.6519	2126140767.5	2129468735	saltiLASSI
E3	3328236	3357688	101	3342962.5	48	30	0.128472	0.28	3	58399700	70.659	2126140767.5	2129483730	saltiLASSI
E3	3342529	3370509	101	3356519.5	48	34	0.101562	0.225806	4	58399700	63.387	2126140767.5	2129497287	saltiLASSI
E3	3357688	3387183	101	3372436	60	42	0.0938889	0.228346	4	58399700	66.5452	2126140767.5	2129513203.5	saltiLASSI
E3	3370509	3405404	101	3387957	62	45	0.0801249	0.222222	4	58399700	58.2118	2126140767.5	2129528724.5	saltiLASSI
E3	3387183	3425335	101	3406259.5	40	28	0.13875	0.137755	1	166232	60.2176	2126140767.5	2129547027	saltiLASSI
E3	3405404	3447678	101	3426541.5	38	26	0.152355	0.128866	1	58399700	83.7254	2126140767.5	2129567309	saltiLASSI
E3	3425335	3475924	101	3450630	56	37	0.0975765	0.216	1	58399700	104.882	2126140767.5	2129591397.5	saltiLASSI
E3	3447678	3491934	101	3469806.5	60	35	0.100556	0.344961	1	58399700	114.91	2126140767.5	2129610574	saltiLASSI
E3	3475924	3513734	101	3494829.5	58	35	0.104043	0.313008	1	58399700	104.83	2126140767.5	2129635597	saltiLASSI
E3	3491934	3544571	101	3518253	56	40	0.0867347	0.28	1	58399700	111.647	2126140767.5	2129659020.5	saltiLASSI
E3	3513734	3566766	101	3540250.5	56	40	0.0784439	0.272727	1	58399700	114.538	2126140767.5	2129681018	saltiLASSI
E3	3544571	3590732	101	3567652	56	36	0.107781	0.228346	1	58399700	93.7263	2126140767.5	2129708419.5	saltiLASSI
E3	3566766	3609619	101	3588193	54	39	0.0829904	0.257732	1	58399700	80.5928	2126140767.5	2129728960.5	saltiLASSI
E3	3590732	3629449	101	3610091	56	42	0.0771684	0.257732	1	58399700	80.3747	2126140767.5	2129750858.5	saltiLASSI
E3	3609619	3649426	101	3629523	50	39	0.0824	0.208791	1	58399700	80.9929	2126140767.5	2129770290.5	saltiLASSI
E3	3629449	3675203	101	3652326.5	52	38	0.107988	0.169492	1	58399700	69.811	2126140767.5	2129793094	saltiLASSI
E3	3649426	3697434	101	3673430.5	10	7	0.3	0.272727	1	58399700	61.2165	2126140767.5	2129814198	saltiLASSI
E3	13174272	13246781	101	13210527	18	17	0.0740741	0.8	2	58399700	59.3334	2126140767.5	2139351294.5	saltiLASSI
E3	13621285	13707112	101	13664199	56	36	0.128827	0.139881	3	58399700	64.4935	2126140767.5	2139804966.5	saltiLASSI
E3	13663747	13724587	101	13694167.5	56	37	0.128189	0.134731	2	58399700	79.1059	2126140767.5	2139834935	saltiLASSI
E3	13707112	13735248	101	13721180.5	58	39	0.0915577	0.554945	3	58399700	71.8875	2126140767.5	2139861948	saltiLASSI
E3	13724587	13755497	101	13740042.5	58	41	0.0820452	0.517857	3	58399700	61.0746	2126140767.5	2139880810	saltiLASSI
E3	13735248	13782377	101	13758813	58	46	0.0642093	0.296512	3	58399700	60.004	2126140767.5	2139899580.5	saltiLASSI
E3	22378891	22423858	101	22401375	36	25	0.148148	0.142857	1	58399700	69.0879	2126140767.5	2148542142.5	saltiLASSI
E3	22402984	22465741	101	22434363	28	19	0.17602	0.152542	1	58399700	84.8875	2126140767.5	2148575130.5	saltiLASSI
E3	22423858	22492552	101	22458205.5	32	23	0.121094	0.304348	1	58399700	82.1413	2126140767.5	2148598973	saltiLASSI
E3	22465741	22530429	101	22498085.5	52	40	0.0865385	0.225806	1	58399700	118.129	2126140767.5	2148638853	saltiLASSI
E3	22492552	22563136	101	22527844.5	52	35	0.133136	0.209677	1	58399700	133.224	2126140767.5	2148668612	saltiLASSI
E3	22530429	22587824	101	22559127	54	40	0.0823045	0.25	1	58399700	113.829	2126140767.5	2148699894.5	saltiLASSI
E3	22563136	22616549	101	22589843	54	42	0.0809328	0.234043	1	58399700	117.231	2126140767.5	2148730610.5	saltiLASSI
E3	22587824	22641846	101	22614835.5	56	40	0.0956633	0.196721	1	58399700	111.395	2126140767.5	2148755603	saltiLASSI
E3	22616549	22672417	101	22644483.5	56	41	0.0950255	0.190083	1	58399700	83.9138	2126140767.5	2148785251	saltiLASSI
E3	22641846	22683006	101	22662426.5	60	39	0.113889	0.224138	1	58399700	64.5368	2126140767.5	2148803194	saltiLASSI
E3	22672417	22701700	101	22687059	52	37	0.0887574	0.25	1	58399700	66.8666	2126140767.5	2148827826.5	saltiLASSI
E3	22683006	22723537	101	22703272	8	8	0.15625	0.875	1	58399700	68.6383	2126140767.5	2148844039.5	saltiLASSI
E3	23344572	23378509	101	23361541	62	41	0.0993757	0.274074	1	58399700	61.6674	2126140767.5	2149502308.5	saltiLASSI
E3	23365947	23403543	101	23384745.5	58	34	0.113555	0.229452	1	58399700	82.9389	2126140767.5	2149525513	saltiLASSI
E3	23378509	23430832	101	23404671	58	44	0.088585	0.190083	1	58399700	79.8112	2126140767.5	2149545438.5	saltiLASSI
E3	23403543	23444708	101	23424126	50	36	0.116	0.162393	1	191128	70.9142	2126140767.5	2149564893.5	saltiLASSI
E3	23430832	23473128	101	23451980.5	50	36	0.116	0.162393	1	58399700	124.207	2126140767.5	2149592748	saltiLASSI
E3	23444708	23489952	101	23467330.5	58	43	0.0980975	0.203252	1	58399700	162.1	2126140767.5	2149608098	saltiLASSI
E3	23473128	23508750	101	23490939.5	30	20	0.18	0.180328	1	58399700	153.598	2126140767.5	2149631707	saltiLASSI
E3	23489952	23524510	101	23507231.5	4	4	0.375	0.75	1	58399700	156.389	2126140767.5	2149647999	saltiLASSI
E3	23508750	23547649	101	23528200	10	10	0.12	0.9	1	58399700	143.349	2126140767.5	2149668967.5	saltiLASSI
E3	23524510	23563175	101	23543843	56	46	0.059949	0.271084	1	58399700	160.91	2126140767.5	2149684610.5	saltiLASSI
E3	23547649	23582227	101	23564938.5	54	41	0.0816187	0.242105	1	58399700	157.25	2126140767.5	2149705706	saltiLASSI
E3	23563175	23600901	101	23582038.5	60	44	0.0844444	0.209677	1	58399700	126.886	2126140767.5	2149722806	saltiLASSI
E3	23582227	23618015	101	23600121.5	48	30	0.0954861	0.375	1	58399700	119.581	2126140767.5	2149740889	saltiLASSI
E3	23600901	23634391	101	23617646.5	34	24	0.143599	0.206349	1	58399700	124.525	2126140767.5	2149758414	saltiLASSI
E3	23618015	23655238	101	23636627	38	26	0.152355	0.162791	1	58399700	127.691	2126140767.5	2149777394.5	saltiLASSI
E3	23634391	23671077	101	23652734.5	62	45	0.0801249	0.222222	1	58399700	146.761	2126140767.5	2149793502	saltiLASSI
E3	23655238	23681366	101	23668302.5	60	44	0.0844444	0.209677	1	58399700	122.403	2126140767.5	2149809070	saltiLASSI
E3	23671077	23708295	101	23689686.5	58	31	0.127229	0.319444	1	58399700	117.067	2126140767.5	2149830454	saltiLASSI
E3	23681366	23744368	101	23712867.5	60	46	0.0683333	0.272727	1	58399700	102.133	2126140767.5	2149853635	saltiLASSI
E3	23708295	23772003	101	23740149.5	54	42	0.0727023	0.279762	1	58399700	99.4559	2126140767.5	2149880917	saltiLASSI
E3	23799517	23849703	101	23824610.5	60	39	0.104444	0.257576	1	58399700	59.4178	2126140767.5	2149965378	saltiLASSI
E3	23849703	23873571	101	23861637.5	40	26	0.1125	0.448276	2	58399700	57.8658	2126140767.5	2150002405	saltiLASSI
E3	23863885	23886515	101	23875200.5	42	30	0.0895692	0.418182	1	58399700	66.9833	2126140767.5	2150015968	saltiLASSI
E3	23873571	23904763	101	23889167.5	58	38	0.10107	0.283898	1	58399700	66.9929	2126140767.5	2150029935	saltiLASSI
E3	23886515	23917585	101	23902050.5	50	33	0.0968	0.257732	1	58399700	75.9664	2126140767.5	2150042818	saltiLASSI
E3	23904763	23929158	101	23916961	50	33	0.0968	0.257732	1	58399700	78.0462	2126140767.5	2150057728.5	saltiLASSI
E3	23917585	23942346	101	23929966	62	39	0.0915713	0.268657	2	58399700	61.3925	2126140767.5	2150070733.5	saltiLASSI
E3	23929158	23951272	101	23940215.5	52	32	0.112426	0.307692	2	58399700	61.3951	2126140767.5	2150080983	saltiLASSI
E3	24215827	24281403	101	24248615.5	62	49	0.0707596	0.231818	1	58399700	58.0895	2126140767.5	2150389383	saltiLASSI
E3	24251949	24330055	101	24291002.5	30	23	0.113333	0.337838	1	58399700	97.0135	2126140767.5	2150431770	saltiLASSI
E3	24281403	24355219	101	24318311.5	28	21	0.127551	0.319444	1	58399700	82.0385	2126140767.5	2150459079	saltiLASSI
E3	24908792	25001647	101	24955220	42	28	0.143991	0.208791	1	58399700	62.0262	2126140767.5	2151095987.5	saltiLASSI
E3	25154712	25261142	101	25207927.5	46	31	0.110586	0.225806	1	58399700	62.8267	2126140767.5	2151348695	saltiLASSI
E3	25207961	25289264	101	25248613	58	45	0.0719382	0.257732	1	58399700	64.2549	2126140767.5	2151389380.5	saltiLASSI
F1	3443937	3511004	101	3477471	52	40	0.0776627	0.271084	1	58399700	60.5306	2170689757.5	2174167228.5	saltiLASSI
F1	3468434	3546877	101	3507656	48	33	0.125868	0.162393	1	58399700	68.0245	2170689757.5	2174197413.5	saltiLASSI
F1	3511004	3571139	101	3541072	50	34	0.1176	0.176471	1	58399700	62.5333	2170689757.5	2174230829.5	saltiLASSI
F1	20121628	20189384	101	20155506.5	26	15	0.180473	0.288889	3	58399700	79.2264	2170689757.5	2190845264	saltiLASSI
F1	20151405	20216722	101	20184064	36	17	0.294753	0.412621	3	58399700	107.24	2170689757.5	2190873821.5	saltiLASSI
F1	20189384	20231175	101	20210280	50	14	0.2632	0.575377	3	58399700	116.966	2170689757.5	2190900037.5	saltiLASSI
F1	20216722	20244730	101	20230726.5	52	13	0.515533	0.0956989	3	58399700	117.821	2170689757.5	2190920484	saltiLASSI
F1	20231175	20253722	101	20242449	52	17	0.273669	0.283186	3	58399700	124.957	2170689757.5	2190932206.5	saltiLASSI
F1	20244730	20263161	101	20253946	46	13	0.357278	0.307692	3	58399700	139.176	2170689757.5	2190943703.5	saltiLASSI
F1	20253722	20272828	101	20263275.5	44	11	0.442149	0.253731	3	58399700	143.881	2170689757.5	2190953033	saltiLASSI
F1	20263161	20288447	101	20275804.5	54	17	0.221536	0.445813	3	58399700	187.103	2170689757.5	2190965562	saltiLASSI
F1	20272828	20293450	101	20283139.5	58	17	0.271106	0.366667	3	58399700	187.108	2170689757.5	2190972897	saltiLASSI
F1	20288447	20305106	101	20296777	46	13	0.391304	0.257202	3	58399700	235.964	2170689757.5	2190986534.5	saltiLASSI
F1	20293450	20321112	101	20307281.5	30	10	0.502222	0.172794	3	58399700	245.246	2170689757.5	2190997039	saltiLASSI
F1	20305106	20326843	101	20315975	38	16	0.278393	0.313008	3	58399700	262.045	2170689757.5	2191005732.5	saltiLASSI
F1	20321112	20332110	101	20326611.5	56	17	0.20727	0.507538	3	58399700	283.831	2170689757.5	2191016369	saltiLASSI
F1	20326843	20340220	101	20333532	44	17	0.294421	0.318182	3	58399700	280.437	2170689757.5	2191023289.5	saltiLASSI
F1	20332110	20346752	101	20339431.5	18	7	0.537037	0.122807	3	58399700	281.316	2170689757.5	2191029189	saltiLASSI
F1	20340220	20361125	101	20350673	18	10	0.333333	0.157895	3	58399700	274.551	2170689757.5	2191040430.5	saltiLASSI
F1	20346752	20381307	101	20364030	48	15	0.380208	0.0943396	3	58399700	263.797	2170689757.5	2191053787.5	saltiLASSI
F1	20361125	20388263	101	20374694.5	50	14	0.4984	0.104423	3	58399700	260.92	2170689757.5	2191064452	saltiLASSI
F1	20381307	20393226	101	20387267	54	17	0.408779	0.128866	3	58399700	243.644	2170689757.5	2191077024.5	saltiLASSI
F1	20388263	20397772	101	20393018	60	14	0.413333	0.231013	3	58399700	269.555	2170689757.5	2191082775.5	saltiLASSI
F1	20393226	20401820	101	20397523.5	60	17	0.393889	0.169704	3	58399700	270.122	2170689757.5	2191087281	saltiLASSI
F1	20397772	20414627	101	20406200	60	19	0.221667	0.575758	3	58399700	270.118	2170689757.5	2191095957.5	saltiLASSI
F1	20401820	20424777	101	20413299	62	17	0.262227	0.617347	3	58399700	271.156	2170689757.5	2191103056.5	saltiLASSI
F1	20414627	20429092	101	20421860	62	11	0.496358	0.127404	3	58399700	281.809	2170689757.5	2191111617.5	saltiLASSI
F1	20424777	20434250	101	20429514	60	17	0.412778	0.153348	3	58399700	273.063	2170689757.5	2191119271.5	saltiLASSI
F1	20429092	20438103	101	20433598	54	20	0.207819	0.511561	3	58399700	276.225	2170689757.5	2191123355.5	saltiLASSI
F1	20434250	20445472	101	20439861.5	56	23	0.181122	0.560976	3	58399700	266.72	2170689757.5	2191129619	saltiLASSI
F1	20438103	20454924	101	20446514	62	20	0.236733	0.641026	3	58399700	266.865	2170689757.5	2191136271.5	saltiLASSI
F1	20445472	20464330	101	20454901.5	44	17	0.251033	0.214724	3	58399700	265.102	2170689757.5	2191144659	saltiLASSI
F1	20454924	20471690	101	20463307.5	44	16	0.291322	0.247059	3	58399700	265.09	2170689757.5	2191153065	saltiLASSI
F1	20464330	20481711	101	20473021	52	18	0.254438	0.215217	3	58399700	282.402	2170689757.5	2191162778.5	saltiLASSI
F1	20471690	20485632	101	20478661.5	16	11	0.226562	0.342105	3	58399700	296.085	2170689757.5	2191168419	saltiLASSI
F1	20481711	20494077	101	20487894.5	16	8	0.414062	0.37931	3	58399700	288.333	2170689757.5	2191177652	saltiLASSI
F1	20485632	20509343	101	20497488	56	11	0.546556	0.042836	3	58399700	297.29	2170689757.5	2191187245.5	saltiLASSI
F1	20494077	20522686	101	20508382	58	15	0.302616	0.447099	3	58399700	266.676	2170689757.5	2191198139.5	saltiLASSI
F1	20509343	20533201	101	20521272.5	58	16	0.306183	0.458194	3	58399700	285.956	2170689757.5	2191211030	saltiLASSI
F1	20522686	20539344	101	20531015.5	60	14	0.375	0.377892	3	58399700	303.003	2170689757.5	2191220773	saltiLASSI
F1	20533201	20555382	101	20544292	62	12	0.252341	0.732595	3	58399700	326.135	2170689757.5	2191234049.5	saltiLASSI
F1	20539344	20570434	101	20554889.5	48	14	0.250868	0.573964	3	58399700	337.139	2170689757.5	2191244647	saltiLASSI
F1	20555382	20577876	101	20566629.5	48	15	0.279514	0.595506	3	58399700	321.271	2170689757.5	2191256387	saltiLASSI
F1	20570434	20585311	101	20577873	58	16	0.380499	0.198718	3	58399700	326.508	2170689757.5	2191267630.5	saltiLASSI
F1	20577876	20590574	101	20584225.5	56	14	0.543367	0.113469	3	58399700	324.862	2170689757.5	2191273983	saltiLASSI
F1	20585311	20595587	101	20590449.5	54	12	0.351852	0.454545	3	58399700	329.013	2170689757.5	2191280207	saltiLASSI
F1	20590574	20600700	101	20595637.5	52	12	0.420858	0.304416	3	58399700	339.475	2170689757.5	2191285395	saltiLASSI
F1	20595587	20616436	101	20606012	46	9	0.503781	0.269868	3	58399700	336.676	2170689757.5	2191295769.5	saltiLASSI
F1	20600700	20622540	101	20611620.5	48	12	0.436632	0.293286	3	58399700	315.458	2170689757.5	2191301378	saltiLASSI
F1	20616436	20628400	101	20622418.5	60	15	0.435556	0.148785	3	58399700	304.49	2170689757.5	2191312176	saltiLASSI
F1	20622540	20635636	101	20629088.5	54	16	0.388203	0.119792	3	58399700	304.486	2170689757.5	2191318846	saltiLASSI
F1	20628400	20643753	101	20636077	52	14	0.568047	0.0447368	3	58399700	293.104	2170689757.5	2191325834.5	saltiLASSI
F1	20635636	20652564	101	20644100.5	54	14	0.609053	0.0786802	3	58399700	293.088	2170689757.5	2191333858	saltiLASSI
F1	20643753	20665799	101	20654776.5	42	11	0.424036	0.587805	3	58399700	281.513	2170689757.5	2191344534	saltiLASSI
F1	20652564	20683113	101	20667839	44	17	0.284091	0.535484	3	58399700	255.349	2170689757.5	2191357596.5	saltiLASSI
F1	20665799	20692872	101	20679336	58	22	0.238407	0.49095	3	58399700	249.752	2170689757.5	2191369093.5	saltiLASSI
F1	20683113	20703875	101	20693494.5	54	20	0.213992	0.6	3	58399700	183.298	2170689757.5	2191383252	saltiLASSI
F1	20692872	20720981	101	20706927	52	19	0.256657	0.225322	3	58399700	157.497	2170689757.5	2191396684.5	saltiLASSI
F1	20703875	20736502	101	20720189	52	27	0.178994	0.138298	3	58399700	125.312	2170689757.5	2191409946.5	saltiLASSI
F1	20720981	20750209	101	20735595.5	52	28	0.150888	0.179487	3	58399700	84.5496	2170689757.5	2191425353	saltiLASSI
F1	43828632	43869371	101	43849002	48	32	0.103299	0.242105	1	58399700	86.5512	2170689757.5	2214538759.5	saltiLASSI
F1	43851249	43896846	101	43874048	58	42	0.0814507	0.287129	1	58399700	82.0589	2170689757.5	2214563805.5	saltiLASSI
F1	43869371	43921492	101	43895432	58	43	0.0808561	0.231818	1	58399700	70.7717	2170689757.5	2214585189.5	saltiLASSI
F1	43896846	43942405	101	43919626	58	46	0.0713436	0.25	1	58399700	70.0721	2170689757.5	2214609383.5	saltiLASSI
F1	43921492	43958896	101	43940194.5	42	33	0.0861678	0.242424	1	58399700	97.4488	2170689757.5	2214629952	saltiLASSI
F1	43942405	43986254	101	43964330	42	33	0.0861678	0.242424	1	58399700	117.681	2170689757.5	2214654087.5	saltiLASSI
F1	43958896	44009446	101	43984171.5	40	33	0.06125	0.513514	1	58399700	126.449	2170689757.5	2214673929	saltiLASSI
F1	43986254	44026021	101	44006138	40	31	0.06375	0.538462	1	58399700	119.19	2170689757.5	2214695895.5	saltiLASSI
F1	44009446	44049963	101	44029705	58	38	0.0921522	0.327103	1	58399700	112.022	2170689757.5	2214719462.5	saltiLASSI
F1	44026021	44073504	101	44049763	56	45	0.067602	0.234043	1	58399700	87.1397	2170689757.5	2214739520.5	saltiLASSI
F1	44049963	44094331	101	44072147.5	52	42	0.0680473	0.253086	1	58399700	67.0574	2170689757.5	2214761905	saltiLASSI
F1	44073504	44122163	101	44097834	50	42	0.056	0.336066	1	58399700	62.1687	2170689757.5	2214787591.5	saltiLASSI
F1	44094331	44137876	101	44116104	50	42	0.0496	0.489583	1	58399700	72.4244	2170689757.5	2214805861.5	saltiLASSI
F1	44122163	44154147	101	44138155.5	44	35	0.0795455	0.313559	1	58399700	79.5669	2170689757.5	2214827913	saltiLASSI
F1	44137876	44176963	101	44157420	42	33	0.0668934	0.455556	1	58399700	69.728	2170689757.5	2214847177.5	saltiLASSI
F1	55270802	55338842	101	55304822.5	40	24	0.14625	0.4375	2	58399700	67.8746	2170689757.5	2225994580	saltiLASSI
F1	55296062	55370350	101	55333206.5	26	12	0.393491	0.421429	2	58399700	66.2385	2170689757.5	2226022964	saltiLASSI
F1	55458193	55515082	101	55486638	42	29	0.0714286	0.6	2	58399700	57.1307	2170689757.5	2226176395.5	saltiLASSI
F1	60615917	60672258	101	60644088	48	34	0.101562	0.279762	2	58399700	58.0133	2170689757.5	2231333845.5	saltiLASSI
F1	60650962	60687882	101	60669422.5	56	37	0.139668	0.495833	2	58399700	61.2214	2170689757.5	2231359180	saltiLASSI
F1	60672258	60707503	101	60689881	32	24	0.103516	0.371795	2	58399700	75.9066	2170689757.5	2231379638.5	saltiLASSI
F1	60687882	60720396	101	60704139.5	30	22	0.115556	0.355263	2	58399700	69.2687	2170689757.5	2231393897	saltiLASSI
F1	60707503	60743270	101	60725387	52	38	0.079142	0.288235	3	58399700	73.3813	2170689757.5	2231415144.5	saltiLASSI
F1	60720396	60757116	101	60738756.5	52	38	0.079142	0.288235	3	58399700	74.7524	2170689757.5	2231428514	saltiLASSI
F1	60743270	60769480	101	60756375.5	30	18	0.208889	0.159722	3	58399700	73.6072	2170689757.5	2231446133	saltiLASSI
F1	60757116	60787466	101	60772291.5	30	17	0.211111	0.171233	3	58399700	67.3942	2170689757.5	2231462049	saltiLASSI
F1	60769480	60804044	101	60786762.5	56	36	0.0982143	0.222222	2	58399700	70.5883	2170689757.5	2231476520	saltiLASSI
F1	60787466	60820917	101	60804192	58	28	0.201546	0.239437	1	58399700	91.7878	2170689757.5	2231493949.5	saltiLASSI
F1	60804044	60835836	101	60819940.5	48	35	0.100694	0.217391	1	58399700	91.7933	2170689757.5	2231509698	saltiLASSI
F1	60820917	60853761	101	60837339.5	42	27	0.130385	0.208791	1	58399700	94.221	2170689757.5	2231527097	saltiLASSI
F1	60835836	60868993	101	60852415	42	27	0.11678	0.253086	1	58399700	87.2871	2170689757.5	2231542172.5	saltiLASSI
F1	60853761	60903033	101	60878397.5	38	27	0.119114	0.242424	1	58399700	69.9825	2170689757.5	2231568155	saltiLASSI
F1	60868993	60937192	101	60903093	40	33	0.07	0.333333	1	58399700	59.1104	2170689757.5	2231592850.5	saltiLASSI
F1	62556719	62601758	101	62579239	58	42	0.0665874	0.390244	2	58399700	58.5923	2170689757.5	2233268996.5	saltiLASSI
F1	62577632	62618483	101	62598058	60	42	0.0855556	0.320755	2	58399700	58.6062	2170689757.5	2233287815.5	saltiLASSI
F1	62601758	62638531	101	62620145	58	42	0.0737218	0.28	2	58399700	63.1371	2170689757.5	2233309902.5	saltiLASSI
F2	9741348	9779117	101	9760233	58	38	0.0844233	0.382653	3	58399700	58.0862	2242274805	2252035038	saltiLASSI
F2	9835440	9875998	101	9855719.5	52	40	0.0695266	0.395522	3	58399700	57.1495	2242274805	2252130524.5	saltiLASSI
F2	9875998	9943395	101	9909697	58	44	0.0725327	0.320225	1	58399700	60.8773	2242274805	2252184502	saltiLASSI
F2	38525344	38585441	101	38555393	50	30	0.1736	0.163399	2	58399700	68.7278	2242274805	2280830198	saltiLASSI
F2	38556324	38617516	101	38586920.5	58	35	0.156361	0.151832	2	58399700	78.155	2242274805	2280861725.5	saltiLASSI
F2	38585441	38659736	101	38622589	42	21	0.286848	0.0790816	2	58399700	76.0418	2242274805	2280897394	saltiLASSI
F2	38617516	38686941	101	38652229	42	21	0.310658	0.049569	2	58399700	73.4877	2242274805	2280927034	saltiLASSI
F2	38659736	38741885	101	38700811	36	23	0.169753	0.214286	1	58399700	59.7534	2242274805	2280975616	saltiLASSI
F2	49166616	49230354	101	49198485.5	50	34	0.1176	0.176471	1	58399700	61.2938	2242274805	2291473290.5	saltiLASSI
F2	49196504	49266152	101	49231328.5	44	31	0.0836777	0.357143	1	58399700	69.517	2242274805	2291506133.5	saltiLASSI
F2	49778907	49844621	101	49811764.5	42	31	0.0782313	0.396226	1	58399700	58.5006	2242274805	2292086569.5	saltiLASSI
