chr	start	end	size	windows	mean_lassi	max_lassi
A1	7177227	7515983	338756	4	13.3549	15.5562
A1	9438560	9713876	275316	3	14.0146	16.1522
A1	20125014	20274556	149542	1	11.7701	11.7701
A1	79708747	79862079	153332	1	10.3695	10.3695
A1	81296572	81601639	305067	3	11.47336667	12.0913
A1	177163902	177313225	149323	1	14.1807	14.1807
A1	237830683	237933133	102450	1	10.5951	10.5951
A1	238421708	238498918	77210	1	10.3685	10.3685
A1	239823028	239906941	83913	2	10.36935	10.3696
A2	63614282	63724674	110392	3	11.74336667	12.4303
A2	155947780	156059472	111692	1	10.3691	10.3691
A2	167881359	167999449	118090	2	10.929	10.9295
A2	170876718	171187865	311147	4	12.535925	19.0378
A3	2459733	2600975	141242	2	11.70455	11.7445
A3	2840608	2940341	99733	1	13.1698	13.1698
A3	3578314	4020019	441705	7	12.04647143	13.2446
A3	6500112	6688763	188651	2	12.561	13.5985
A3	21530073	21725763	195690	2	11.6167	12.092
A3	130747440	130849687	102247	2	11.15305	11.154
A3	134087756	134157906	70150	1	10.827	10.827
A3	134756127	134938315	182188	2	10.6627	10.945
A3	138352816	138497805	144989	2	11.7242	11.7246
A3	139259101	139327217	68116	1	11.011	11.011
A3	139963262	140073978	110716	5	11.68866	14.2116
A3	141580448	141873689	293241	4	14.176425	17.5596
A3	142758230	142931651	173421	1	13.1805	13.1805
B1	202337335	202568024	230689	4	12.73095	13.1117
B2	3207100	3300470	93370	2	11.1485	11.1495
B2	42250038	42393770	143732	2	11.1377	11.8962
B3	2658878	2786279	127401	1	10.3694	10.3694
B3	32597997	32806360	208363	2	10.3691	10.3694
B3	37145448	37333129	187681	5	12.85516	14.5123
B3	136558921	136782562	223641	1	13.1753	13.1753
B3	141290314	141449765	159451	2	11.6268	12.0991
B3	142036348	142148156	111808	2	11.1584	11.1597
B4	1306063	1778998	472935	10	16.97223	21.5592
B4	3847063	3979138	132075	1	10.369	10.369
B4	4358922	4601263	242341	2	10.9449	10.9458
B4	80709464	80844170	134706	1	10.3685	10.3685
B4	142059977	142273268	213291	5	13.9748	15.6133
C1	3212963	3374207	161244	2	14.03735	15.0751
C1	5594608	5855679	261071	2	10.9436	10.9437
C1	8094700	8333391	238691	2	10.9386	10.9457
C1	18856020	19152919	296899	3	12.47646667	14.1658
C1	19183221	19406994	223773	3	12.02263333	13.5955
C1	22595798	22752602	156804	4	12.24125	13.5605
C1	28706257	28956276	250019	4	11.9825	13.0209
C1	44759234	44948354	189120	1	10.6982	10.6982
C2	10931480	11015122	83642	1	10.9463	10.9463
C2	20733856	20830367	96511	1	10.6515	10.6515
D1	20593574	20724810	131236	1	10.9473	10.9473
D1	98367574	98648453	280879	2	11.15505	11.1577
D1	99789491	100072331	282840	3	10.9423	10.9465
D1	110193196	110454492	261296	5	12.84858	14.5146
D2	33264761	33548918	284157	3	11.12966667	11.5259
D2	40867334	40987063	119729	1	10.9387	10.9387
D2	84530180	84769739	239559	2	13.35415	15.5534
D3	3802885	4067514	264629	4	13.534975	15.0932
D3	68959531	69041980	82449	1	10.3689	10.3689
D3	69291987	69677170	385183	7	19.28785714	24.5186
D4	76530089	76625820	95731	2	12.4859	12.4863
D4	81497358	81631052	133694	1	10.9428	10.9428
D4	87057978	87346691	288713	3	14.76693333	17.5893
D4	90105641	90207035	101394	1	11.4957	11.4957
D4	91681063	91957817	276754	3	11.1346	11.5163
E1	56154411	56225833	71422	1	12.4379	12.4379
E2	2017987	2177879	159892	1	10.9407	10.9407
E2	20800148	20954355	154207	3	10.43643333	10.4381
E3	11759194	11846463	87269	2	12.38105	12.6605
E3	12407542	12542653	135111	4	13.7361	13.737
E3	14972827	15079233	106406	1	10.3696	10.3696
F1	42763910	42927533	163623	1	10.3745	10.3745
F1	45971885	46140732	168847	1	11.3742	11.3742
F2	3696886	3806461	109575	1	13.5824	13.5824
