chr	start	end	windows	mean_lassi	max_lassi
A1	7157227	7535983	4	13.3549	15.5562
A1	9418560	9733876	3	14.0146	16.1522
A1	20105014	20294556	1	11.7701	11.7701
A1	79688747	79882079	1	10.3695	10.3695
A1	81276572	81621639	3	11.47336667	12.0913
A1	177143902	177333225	1	14.1807	14.1807
A1	237810683	237953133	1	10.5951	10.5951
A1	238401708	238518918	1	10.3685	10.3685
A1	239803028	239926941	2	10.36935	10.3696
A2	63594282	63744674	3	11.74336667	12.4303
A2	155927780	156079472	1	10.3691	10.3691
A2	167861359	168019449	2	10.929	10.9295
A2	170856718	171207865	4	12.535925	19.0378
A3	2439733	2620975	2	11.70455	11.7445
A3	2820608	2960341	1	13.1698	13.1698
A3	3558314	4040019	7	12.04647143	13.2446
A3	6480112	6708763	2	12.561	13.5985
A3	21510073	21745763	2	11.6167	12.092
A3	130727440	130869687	2	11.15305	11.154
A3	134067756	134177906	1	10.827	10.827
A3	134736127	134958315	2	10.6627	10.945
A3	138332816	138517805	2	11.7242	11.7246
A3	139239101	139347217	1	11.011	11.011
A3	139943262	140093978	5	11.68866	14.2116
A3	141560448	141893689	4	14.176425	17.5596
A3	142738230	142951651	1	13.1805	13.1805
B1	202317335	202588024	4	12.73095	13.1117
B2	3187100	3320470	2	11.1485	11.1495
B2	42230038	42413770	2	11.1377	11.8962
B3	2638878	2806279	1	10.3694	10.3694
B3	32577997	32826360	2	10.3691	10.3694
B3	37125448	37353129	5	12.85516	14.5123
B3	136538921	136802562	1	13.1753	13.1753
B3	141270314	141469765	2	11.6268	12.0991
B3	142016348	142168156	2	11.1584	11.1597
B4	1286063	1798998	10	16.97223	21.5592
B4	3827063	3999138	1	10.369	10.369
B4	4338922	4621263	2	10.9449	10.9458
B4	80689464	80864170	1	10.3685	10.3685
B4	142039977	142293268	5	13.9748	15.6133
C1	3192963	3394207	2	14.03735	15.0751
C1	5574608	5875679	2	10.9436	10.9437
C1	8074700	8353391	2	10.9386	10.9457
C1	18836020	19172919	3	12.47646667	14.1658
C1	19163221	19426994	3	12.02263333	13.5955
C1	22575798	22772602	4	12.24125	13.5605
C1	28686257	28976276	4	11.9825	13.0209
C1	44739234	44968354	1	10.6982	10.6982
C2	10911480	11035122	1	10.9463	10.9463
C2	20713856	20850367	1	10.6515	10.6515
D1	20573574	20744810	1	10.9473	10.9473
D1	98347574	98668453	2	11.15505	11.1577
D1	99769491	100092331	3	10.9423	10.9465
D1	110173196	110474492	5	12.84858	14.5146
D2	33244761	33568918	3	11.12966667	11.5259
D2	40847334	41007063	1	10.9387	10.9387
D2	84510180	84789739	2	13.35415	15.5534
D3	3782885	4087514	4	13.534975	15.0932
D3	68939531	69061980	1	10.3689	10.3689
D3	69271987	69697170	7	19.28785714	24.5186
D4	76510089	76645820	2	12.4859	12.4863
D4	81477358	81651052	1	10.9428	10.9428
D4	87037978	87366691	3	14.76693333	17.5893
D4	90085641	90227035	1	11.4957	11.4957
D4	91661063	91977817	3	11.1346	11.5163
E1	56134411	56245833	1	12.4379	12.4379
E2	1997987	2197879	1	10.9407	10.9407
E2	20780148	20974355	3	10.43643333	10.4381
E3	11739194	11866463	2	12.38105	12.6605
E3	12387542	12562653	4	13.7361	13.737
E3	14952827	15099233	1	10.3696	10.3696
F1	42743910	42947533	1	10.3745	10.3745
F1	45951885	46160732	1	11.3742	11.3742
F2	3676886	3826461	1	13.5824	13.5824
