chr start end size windows mean_lassi max_lassi gene_start gene_end ensembl_id gene_name
A1 7177227 7515983 338756 4 13.3549 15.5562 7445463 7446757 ENSFCAG00000026793 GSX1
A1 7177227 7515983 338756 4 13.3549 15.5562 7288892 7336188 ENSFCAG00000030162 POLR1D
A1 7177227 7515983 338756 4 13.3549 15.5562 7207355 7287231 ENSFCAG00000011821 LNX2
A1 9438560 9713876 275316 3 14.0146 16.1522 9487018 9637918 ENSFCAG00000032001 KATNAL1
A1 20125014 20274556 149542 1 11.7701 11.7701 20067941 20159228 ENSFCAG00000030967 INTS6
A1 20125014 20274556 149542 1 11.7701 11.7701 20160155 20193673 ENSFCAG00000018195 SERPINE3
A1 79708747 79862079 153332 1 10.3695 10.3695 79837551 79841765 ENSFCAG00000041416 IRS2
A1 81296572 81601639 305067 3 11.47336667 12.0913 81561223 81615999 ENSFCAG00000045942 NA
A1 177163902 177313225 149323 1 14.1807 14.1807 177190999 177191211 ENSFCAG00000025391 NA
A2 155947780 156059472 111692 1 10.3691 10.3691 155999270 156010996 ENSFCAG00000044414 KLRG2
A2 155947780 156059472 111692 1 10.3691 10.3691 156030902 156046935 ENSFCAG00000027879 NA
A2 155947780 156059472 111692 1 10.3691 10.3691 155909947 155978195 ENSFCAG00000010563 NA
A2 167881359 167999449 118090 2 10.929 10.9295 167475483 168195666 ENSFCAG00000008374 DPP6
A2 170876718 171187865 311147 4 12.535925 19.0378 170959709 171041960 ENSFCAG00000009037 ESYT2
A2 170876718 171187865 311147 4 12.535925 19.0378 171054558 171115484 ENSFCAG00000009038 WDR60
A2 170876718 171187865 311147 4 12.535925 19.0378 170877399 170944789 ENSFCAG00000009036 NCAPG2
A3 2459733 2600975 141242 2 11.70455 11.7445 2131252 2672963 ENSFCAG00000011987 CDH4
A3 3578314 4020019 441705 7 12.04647143 13.2446 3717604 3718497 ENSFCAG00000031527 PPP1R3D
A3 3578314 4020019 441705 7 12.04647143 13.2446 3658948 3700160 ENSFCAG00000005129 CDH26
A3 3578314 4020019 441705 7 12.04647143 13.2446 3734630 3801276 ENSFCAG00000005127 SYCP2
A3 3578314 4020019 441705 7 12.04647143 13.2446 3813606 4050803 ENSFCAG00000005126 PHACTR3
A3 6500112 6688763 188651 2 12.561 13.5985 6602997 6604842 ENSFCAG00000018985 NA
A3 6500112 6688763 188651 2 12.561 13.5985 6624165 6629680 ENSFCAG00000005550 GCNT7
A3 6500112 6688763 188651 2 12.561 13.5985 6516737 6526396 ENSFCAG00000005551 TFAP2C
A3 6500112 6688763 188651 2 12.561 13.5985 6608732 6649637 ENSFCAG00000037890 RTF2
A3 6500112 6688763 188651 2 12.561 13.5985 6657189 6692286 ENSFCAG00000005548 CASS4
A3 21530073 21725763 195690 2 11.6167 12.092 21656651 21682800 ENSFCAG00000004810 BPI
A3 21530073 21725763 195690 2 11.6167 12.092 21709264 21748540 ENSFCAG00000004809 KIAA1755
A3 21530073 21725763 195690 2 11.6167 12.092 21621896 21647551 ENSFCAG00000004811 LBP
A3 134756127 134938315 182188 2 10.6627 10.945 134895761 134901847 ENSFCAG00000044685 C2orf50
A3 134756127 134938315 182188 2 10.6627 10.945 134726579 134862338 ENSFCAG00000024216 ROCK2
A3 134756127 134938315 182188 2 10.6627 10.945 134869527 134883761 ENSFCAG00000014335 PQLC3
A3 138352816 138497805 144989 2 11.7242 11.7246 138425240 138446538 ENSFCAG00000035139 RSAD2
A3 138352816 138497805 144989 2 11.7242 11.7246 138452917 138463993 ENSFCAG00000022513 CMPK2
A3 138352816 138497805 144989 2 11.7242 11.7246 138120611 138414950 ENSFCAG00000000709 RNF144A
B1 202337335 202568024 230689 4 12.73095 13.1117 202206083 202601312 ENSFCAG00000004074 STK32B
B2 42250038 42393770 143732 2 11.1377 11.8962 42258884 42267088 ENSFCAG00000033896 TREML2
B2 42250038 42393770 143732 2 11.1377 11.8962 42292873 42302932 ENSFCAG00000002776 TREM1
B2 42250038 42393770 143732 2 11.1377 11.8962 42356433 42364092 ENSFCAG00000011518 NA
B3 32597997 32806360 208363 2 10.3691 10.3694 32792239 32796135 ENSFCAG00000012419 ODF3L1
B3 136558921 136782562 223641 1 13.1753 13.1753 136575655 136755284 ENSFCAG00000001585 RPS6KA5
B3 141290314 141449765 159451 2 11.6268 12.0991 141305014 141376695 ENSFCAG00000006781 ATG2B
B3 141290314 141449765 159451 2 11.6268 12.0991 141376756 141403517 ENSFCAG00000033108 GSKIP
B3 141290314 141449765 159451 2 11.6268 12.0991 141407720 141479747 ENSFCAG00000006783 AK7
B4 1306063 1778998 472935 10 16.97223 21.5592 1247422 1665693 ENSFCAG00000003296 ADARB2
B4 80709464 80844170 134706 1 10.3685 10.3685 80796411 80801917 ENSFCAG00000046404 NA
B4 80709464 80844170 134706 1 10.3685 10.3685 80811131 80817336 ENSFCAG00000042673 NA
B4 80709464 80844170 134706 1 10.3685 10.3685 80824670 80831526 ENSFCAG00000045494 NA
B4 80709464 80844170 134706 1 10.3685 10.3685 80691531 80713770 ENSFCAG00000023572 KRT80
B4 80709464 80844170 134706 1 10.3685 10.3685 80751042 80765014 ENSFCAG00000000270 KRT7
B4 80709464 80844170 134706 1 10.3685 10.3685 80787169 80791112 ENSFCAG00000023610 NA
C1 5594608 5855679 261071 2 10.9436 10.9437 5763092 5785299 ENSFCAG00000008123 SLC45A1
C1 5594608 5855679 261071 2 10.9436 10.9437 5790074 6212086 ENSFCAG00000008124 RERE
C1 8094700 8333391 238691 2 10.9386 10.9457 8103307 8109723 ENSFCAG00000000055 ANGPTL7
C1 8094700 8333391 238691 2 10.9386 10.9457 8179229 8201887 ENSFCAG00000038736 UBIAD1
C1 8094700 8333391 238691 2 10.9386 10.9457 8041553 8175764 ENSFCAG00000000053 MTOR
C1 18856020 19152919 296899 3 12.47646667 14.1658 18932212 18939788 ENSFCAG00000043095 NA
C1 18856020 19152919 296899 3 12.47646667 14.1658 18947678 18953915 ENSFCAG00000010324 NA
C1 18856020 19152919 296899 3 12.47646667 14.1658 18958181 18962803 ENSFCAG00000029142 RSRP1
C1 18856020 19152919 296899 3 12.47646667 14.1658 18984610 19002683 ENSFCAG00000012788 TMEM50A
C1 18856020 19152919 296899 3 12.47646667 14.1658 19049579 19115692 ENSFCAG00000012790 MACO1
C1 18856020 19152919 296899 3 12.47646667 14.1658 19148325 19172543 ENSFCAG00000036460 LDLRAP1
C1 18856020 19152919 296899 3 12.47646667 14.1658 19004451 19041547 ENSFCAG00000012789 NA
C1 19183221 19406994 223773 3 12.02263333 13.5955 19364703 19379668 ENSFCAG00000012793 NA
C1 19183221 19406994 223773 3 12.02263333 13.5955 19401361 19425886 ENSFCAG00000012795 AUNIP
C1 19183221 19406994 223773 3 12.02263333 13.5955 19208444 19350013 ENSFCAG00000012792 MAN1C1
C1 19183221 19406994 223773 3 12.02263333 13.5955 19383908 19429120 ENSFCAG00000012794 MTFR1L
C1 44759234 44948354 189120 1 10.6982 10.6982 44797502 44807914 ENSFCAG00000012971 TMEM61
C1 44759234 44948354 189120 1 10.6982 10.6982 44814185 44827090 ENSFCAG00000008815 BSND
C1 44759234 44948354 189120 1 10.6982 10.6982 44839846 44983687 ENSFCAG00000008817 USP24
C2 10931480 11015122 83642 1 10.9463 10.9463 11009600 11009989 ENSFCAG00000006759 KCNE1
C2 10931480 11015122 83642 1 10.9463 10.9463 10858094 10960004 ENSFCAG00000041249 RCAN1
D1 20593574 20724810 131236 1 10.9473 10.9473 20651676 20687820 ENSFCAG00000000425 SCN3B
D1 20593574 20724810 131236 1 10.9473 10.9473 20505134 20658398 ENSFCAG00000004317 GRAMD1B
D1 98367574 98648453 280879 2 11.15505 11.1577 98404583 98415700 ENSFCAG00000005617 ACCSL
D1 98367574 98648453 280879 2 11.15505 11.1577 98605336 98651635 ENSFCAG00000005620 ALX4
D1 98367574 98648453 280879 2 11.15505 11.1577 98421771 98435996 ENSFCAG00000005618 ACCS
D1 98367574 98648453 280879 2 11.15505 11.1577 98444532 98589467 ENSFCAG00000005619 EXT2
D1 99789491 100072331 282840 3 10.9423 10.9465 99829808 99831043 ENSFCAG00000006661 CHST1
D1 99789491 100072331 282840 3 10.9423 10.9465 100061836 100062534 ENSFCAG00000041581 C11orf94
D1 99789491 100072331 282840 3 10.9423 10.9465 100065658 100073099 ENSFCAG00000003190 PEX16
D1 99789491 100072331 282840 3 10.9423 10.9465 99967949 99977955 ENSFCAG00000026308 SLC35C1
D1 99789491 100072331 282840 3 10.9423 10.9465 100042855 100061731 ENSFCAG00000003189 MAPK8IP1
D1 99789491 100072331 282840 3 10.9423 10.9465 100006955 100040392 ENSFCAG00000003188 CRY2
D1 110193196 110454492 261296 5 12.84858 14.5146 110202353 110208879 ENSFCAG00000038054 ARL2
D1 110193196 110454492 261296 5 12.84858 14.5146 110222725 110225600 ENSFCAG00000023322 SAC3D1
D1 110193196 110454492 261296 5 12.84858 14.5146 110249175 110255505 ENSFCAG00000028197 CDCA5
D1 110193196 110454492 261296 5 12.84858 14.5146 110256100 110259662 ENSFCAG00000006251 ZFPL1
D1 110193196 110454492 261296 5 12.84858 14.5146 110259900 110261903 ENSFCAG00000045639 TMEM262
D1 110193196 110454492 261296 5 12.84858 14.5146 110287408 110292061 ENSFCAG00000006254 TM7SF2
D1 110193196 110454492 261296 5 12.84858 14.5146 110292268 110293464 ENSFCAG00000041142 ZNHIT2
D1 110193196 110454492 261296 5 12.84858 14.5146 110297131 110307131 ENSFCAG00000030009 SYVN1
D1 110193196 110454492 261296 5 12.84858 14.5146 110297295 110300857 ENSFCAG00000006256 MRPL49
D1 110193196 110454492 261296 5 12.84858 14.5146 110212151 110223128 ENSFCAG00000006249 SNX15
D1 110193196 110454492 261296 5 12.84858 14.5146 110267076 110287247 ENSFCAG00000006253 VPS51
D1 110193196 110454492 261296 5 12.84858 14.5146 110295864 110297240 ENSFCAG00000001442 NA
D1 110193196 110454492 261296 5 12.84858 14.5146 110345122 110348466 ENSFCAG00000029565 SPDYC
D1 110193196 110454492 261296 5 12.84858 14.5146 110385606 110407137 ENSFCAG00000001439 NA
D1 110193196 110454492 261296 5 12.84858 14.5146 110449482 110476231 ENSFCAG00000001440 NA
D1 110193196 110454492 261296 5 12.84858 14.5146 110226293 110236866 ENSFCAG00000006250 NAALADL1
D1 110193196 110454492 261296 5 12.84858 14.5146 110356426 110388364 ENSFCAG00000001438 CAPN1
D2 33264761 33548918 284157 3 11.12966667 11.5259 33377189 33384265 ENSFCAG00000001230 NODAL
D2 33264761 33548918 284157 3 11.12966667 11.5259 33349266 33367546 ENSFCAG00000036699 EIF4EBP2
D2 33264761 33548918 284157 3 11.12966667 11.5259 33502766 33508861 ENSFCAG00000028455 PRF1
D2 33264761 33548918 284157 3 11.12966667 11.5259 33233659 33323287 ENSFCAG00000001228 LRRC20
D2 33264761 33548918 284157 3 11.12966667 11.5259 33411092 33486279 ENSFCAG00000001231 PALD1
D2 33264761 33548918 284157 3 11.12966667 11.5259 33539757 33621396 ENSFCAG00000001232 ADAMTS14
D2 84530180 84769739 239559 2 13.35415 15.5534 84682602 84740849 ENSFCAG00000007355 INSYN2A
D2 84530180 84769739 239559 2 13.35415 15.5534 84463925 84996886 ENSFCAG00000008372 DOCK1
D3 3802885 4067514 264629 4 13.534975 15.0932 4056208 4058014 ENSFCAG00000027695 NA
D3 68959531 69041980 82449 1 10.3689 10.3689 68875322 69041886 ENSFCAG00000002785 LOXHD1
D3 69291987 69677170 385183 7 19.28785714 24.5186 69372876 69411618 ENSFCAG00000002788 HDHD2
D3 69291987 69677170 385183 7 19.28785714 24.5186 69416925 69433383 ENSFCAG00000032516 NA
D3 69291987 69677170 385183 7 19.28785714 24.5186 69298498 69366710 ENSFCAG00000018778 KATNAL2
D3 69291987 69677170 385183 7 19.28785714 24.5186 69451939 69494787 ENSFCAG00000045761 SKOR2
D4 76530089 76625820 95731 2 12.4859 12.4863 76573144 76581467 ENSFCAG00000034121 ATP6V1G1
D4 76530089 76625820 95731 2 12.4859 12.4863 76593231 76615503 ENSFCAG00000042326 TMEM268
D4 81497358 81631052 133694 1 10.9428 10.9428 81619478 81791843 ENSFCAG00000008625 CDK5RAP2
D4 87057978 87346691 288713 3 14.76693333 17.5893 87154291 87348781 ENSFCAG00000005855 MVB12B
D4 90105641 90207035 101394 1 11.4957 11.4957 90101901 90108060 ENSFCAG00000008977 TOR1B
D4 90105641 90207035 101394 1 11.4957 11.4957 90120300 90127164 ENSFCAG00000004761 C9orf78
D4 90105641 90207035 101394 1 11.4957 11.4957 90110429 90118801 ENSFCAG00000004760 TOR1A
D4 90105641 90207035 101394 1 11.4957 11.4957 90127286 90172640 ENSFCAG00000013549 USP20
D4 90105641 90207035 101394 1 11.4957 11.4957 90175413 90321739 ENSFCAG00000035160 FNBP1
D4 91681063 91957817 276754 3 11.1346 11.5163 91775931 91981978 ENSFCAG00000007101 MED27
E2 2017987 2177879 159892 1 10.9407 10.9407 2160159 2161421 ENSFCAG00000031979 NA
E2 2017987 2177879 159892 1 10.9407 10.9407 2128334 2139265 ENSFCAG00000027881 NA
E2 2017987 2177879 159892 1 10.9407 10.9407 2135666 2207152 ENSFCAG00000024602 NA
E2 2017987 2177879 159892 1 10.9407 10.9407 2072289 2101842 ENSFCAG00000033639 PEG3
E3 14972827 15079233 106406 1 10.3696 10.3696 14743694 15254731 ENSFCAG00000008708 NA
F1 42763910 42927533 163623 1 10.3745 10.3745 42782820 42788255 ENSFCAG00000000449 ELF3
F1 42763910 42927533 163623 1 10.3745 10.3745 42865612 42872541 ENSFCAG00000000450 GPR37L1
F1 42763910 42927533 163623 1 10.3745 10.3745 42886295 42888983 ENSFCAG00000043180 NA
F1 42763910 42927533 163623 1 10.3745 10.3745 42760818 42779484 ENSFCAG00000000448 RNPEP
F1 42763910 42927533 163623 1 10.3745 10.3745 42875253 42883376 ENSFCAG00000018232 ARL8A
F1 42763910 42927533 163623 1 10.3745 10.3745 42890224 42894974 ENSFCAG00000045465 NA
F1 42763910 42927533 163623 1 10.3745 10.3745 42923341 43044174 ENSFCAG00000025618 LGR6
F1 45971885 46140732 168847 1 11.3742 11.3742 46028439 46035591 ENSFCAG00000027776 RAB29
F1 45971885 46140732 168847 1 11.3742 11.3742 46047396 46069770 ENSFCAG00000022330 SLC41A1
F1 45971885 46140732 168847 1 11.3742 11.3742 46081663 46113447 ENSFCAG00000006729 PM20D1
F1 45971885 46140732 168847 1 11.3742 11.3742 45993527 46019861 ENSFCAG00000006726 NUCKS1
F1 45971885 46140732 168847 1 11.3742 11.3742 46118080 46146377 ENSFCAG00000006730 SLC26A9
F2 3696886 3806461 109575 1 13.5824 13.5824 3747937 3759560 ENSFCAG00000008555 EFCAB1
