chr start end windows mean_lassi max_lassi gene_start gene_end ensembl_id gene_name
A1 7157227 7535983 4 13.3549 15.5562 7445463 7446757 ENSFCAG00000026793 GSX1
A1 7157227 7535983 4 13.3549 15.5562 7288892 7336188 ENSFCAG00000030162 POLR1D
A1 7157227 7535983 4 13.3549 15.5562 7207355 7287231 ENSFCAG00000011821 LNX2
A1 9418560 9733876 3 14.0146 16.1522 9487018 9637918 ENSFCAG00000032001 KATNAL1
A1 20105014 20294556 1 11.7701 11.7701 20067941 20159228 ENSFCAG00000030967 INTS6
A1 20105014 20294556 1 11.7701 11.7701 20160155 20193673 ENSFCAG00000018195 SERPINE3
A1 20105014 20294556 1 11.7701 11.7701 20275485 20376537 ENSFCAG00000043387 FAM124A
A1 79688747 79882079 1 10.3695 10.3695 79837551 79841765 ENSFCAG00000041416 IRS2
A1 81276572 81621639 3 11.47336667 12.0913 81561223 81615999 ENSFCAG00000045942 NA
A1 177143902 177333225 1 14.1807 14.1807 177190999 177191211 ENSFCAG00000025391 NA
A2 155927780 156079472 1 10.3691 10.3691 155999270 156010996 ENSFCAG00000044414 KLRG2
A2 155927780 156079472 1 10.3691 10.3691 156030902 156046935 ENSFCAG00000027879 NA
A2 155927780 156079472 1 10.3691 10.3691 155909947 155978195 ENSFCAG00000010563 NA
A2 155927780 156079472 1 10.3691 10.3691 156061942 156243566 ENSFCAG00000010565 HIPK2
A2 167861359 168019449 2 10.929 10.9295 167475483 168195666 ENSFCAG00000008374 DPP6
A2 170856718 171207865 4 12.535925 19.0378 170959709 171041960 ENSFCAG00000009037 ESYT2
A2 170856718 171207865 4 12.535925 19.0378 171054558 171115484 ENSFCAG00000009038 WDR60
A2 170856718 171207865 4 12.535925 19.0378 171190085 171262627 ENSFCAG00000009039 VIPR2
A2 170856718 171207865 4 12.535925 19.0378 170056398 170860598 ENSFCAG00000007989 PTPRN2
A2 170856718 171207865 4 12.535925 19.0378 170877399 170944789 ENSFCAG00000009036 NCAPG2
A3 2439733 2620975 2 11.70455 11.7445 2131252 2672963 ENSFCAG00000011987 CDH4
A3 3558314 4040019 7 12.04647143 13.2446 3717604 3718497 ENSFCAG00000031527 PPP1R3D
A3 3558314 4040019 7 12.04647143 13.2446 3658948 3700160 ENSFCAG00000005129 CDH26
A3 3558314 4040019 7 12.04647143 13.2446 3734630 3801276 ENSFCAG00000005127 SYCP2
A3 3558314 4040019 7 12.04647143 13.2446 3813606 4050803 ENSFCAG00000005126 PHACTR3
A3 6480112 6708763 2 12.561 13.5985 6602997 6604842 ENSFCAG00000018985 NA
A3 6480112 6708763 2 12.561 13.5985 6624165 6629680 ENSFCAG00000005550 GCNT7
A3 6480112 6708763 2 12.561 13.5985 6516737 6526396 ENSFCAG00000005551 TFAP2C
A3 6480112 6708763 2 12.561 13.5985 6608732 6649637 ENSFCAG00000037890 RTF2
A3 6480112 6708763 2 12.561 13.5985 6698346 6737140 ENSFCAG00000025673 CSTF1
A3 6480112 6708763 2 12.561 13.5985 6657189 6692286 ENSFCAG00000005548 CASS4
A3 21510073 21745763 2 11.6167 12.092 21656651 21682800 ENSFCAG00000004810 BPI
A3 21510073 21745763 2 11.6167 12.092 21709264 21748540 ENSFCAG00000004809 KIAA1755
A3 21510073 21745763 2 11.6167 12.092 21430938 21520082 ENSFCAG00000004814 RALGAPB
A3 21510073 21745763 2 11.6167 12.092 21621896 21647551 ENSFCAG00000004811 LBP
A3 134736127 134958315 2 10.6627 10.945 134895761 134901847 ENSFCAG00000044685 C2orf50
A3 134736127 134958315 2 10.6627 10.945 134726579 134862338 ENSFCAG00000024216 ROCK2
A3 134736127 134958315 2 10.6627 10.945 134869527 134883761 ENSFCAG00000014335 PQLC3
A3 138332816 138517805 2 11.7242 11.7246 138425240 138446538 ENSFCAG00000035139 RSAD2
A3 138332816 138517805 2 11.7242 11.7246 138452917 138463993 ENSFCAG00000022513 CMPK2
A3 138332816 138517805 2 11.7242 11.7246 138120611 138414950 ENSFCAG00000000709 RNF144A
B1 202317335 202588024 4 12.73095 13.1117 202206083 202601312 ENSFCAG00000004074 STK32B
B2 3187100 3320470 2 11.1485 11.1495 3201726 3204025 ENSFCAG00000045010 NA
B2 3187100 3320470 2 11.1485 11.1495 3303811 3330793 ENSFCAG00000022011 ZNF184
B2 42230038 42413770 2 11.1377 11.8962 42227009 42236732 ENSFCAG00000002774 TREM2
B2 42230038 42413770 2 11.1377 11.8962 42258884 42267088 ENSFCAG00000033896 TREML2
B2 42230038 42413770 2 11.1377 11.8962 42292873 42302932 ENSFCAG00000002776 TREM1
B2 42230038 42413770 2 11.1377 11.8962 42356433 42364092 ENSFCAG00000011518 NA
B3 32577997 32826360 2 10.3691 10.3694 32792239 32796135 ENSFCAG00000012419 ODF3L1
B3 32577997 32826360 2 10.3691 10.3694 32806481 32840160 ENSFCAG00000012418 CSPG4
B3 136538921 136802562 1 13.1753 13.1753 136575655 136755284 ENSFCAG00000001585 RPS6KA5
B3 141270314 141469765 2 11.6268 12.0991 141305014 141376695 ENSFCAG00000006781 ATG2B
B3 141270314 141469765 2 11.6268 12.0991 141376756 141403517 ENSFCAG00000033108 GSKIP
B3 141270314 141469765 2 11.6268 12.0991 141407720 141479747 ENSFCAG00000006783 AK7
B4 1286063 1798998 10 16.97223 21.5592 1247422 1665693 ENSFCAG00000003296 ADARB2
B4 80689464 80864170 1 10.3685 10.3685 80796411 80801917 ENSFCAG00000046404 NA
B4 80689464 80864170 1 10.3685 10.3685 80811131 80817336 ENSFCAG00000042673 NA
B4 80689464 80864170 1 10.3685 10.3685 80824670 80831526 ENSFCAG00000045494 NA
B4 80689464 80864170 1 10.3685 10.3685 80861719 80869592 ENSFCAG00000000278 KRT85
B4 80689464 80864170 1 10.3685 10.3685 80691531 80713770 ENSFCAG00000023572 KRT80
B4 80689464 80864170 1 10.3685 10.3685 80751042 80765014 ENSFCAG00000000270 KRT7
B4 80689464 80864170 1 10.3685 10.3685 80787169 80791112 ENSFCAG00000023610 NA
B4 80689464 80864170 1 10.3685 10.3685 80844815 80857007 ENSFCAG00000000272 NA
C1 5574608 5875679 2 10.9436 10.9437 5763092 5785299 ENSFCAG00000008123 SLC45A1
C1 5574608 5875679 2 10.9436 10.9437 5790074 6212086 ENSFCAG00000008124 RERE
C1 8074700 8353391 2 10.9386 10.9457 8103307 8109723 ENSFCAG00000000055 ANGPTL7
C1 8074700 8353391 2 10.9386 10.9457 8179229 8201887 ENSFCAG00000038736 UBIAD1
C1 8074700 8353391 2 10.9386 10.9457 8041553 8175764 ENSFCAG00000000053 MTOR
C1 18836020 19172919 3 12.47646667 14.1658 18932212 18939788 ENSFCAG00000043095 NA
C1 18836020 19172919 3 12.47646667 14.1658 18947678 18953915 ENSFCAG00000010324 NA
C1 18836020 19172919 3 12.47646667 14.1658 18958181 18962803 ENSFCAG00000029142 RSRP1
C1 18836020 19172919 3 12.47646667 14.1658 18984610 19002683 ENSFCAG00000012788 TMEM50A
C1 18836020 19172919 3 12.47646667 14.1658 19049579 19115692 ENSFCAG00000012790 MACO1
C1 18836020 19172919 3 12.47646667 14.1658 19148325 19172543 ENSFCAG00000036460 LDLRAP1
C1 18836020 19172919 3 12.47646667 14.1658 19004451 19041547 ENSFCAG00000012789 NA
C1 19163221 19426994 3 12.02263333 13.5955 19148325 19172543 ENSFCAG00000036460 LDLRAP1
C1 19163221 19426994 3 12.02263333 13.5955 19364703 19379668 ENSFCAG00000012793 NA
C1 19163221 19426994 3 12.02263333 13.5955 19401361 19425886 ENSFCAG00000012795 AUNIP
C1 19163221 19426994 3 12.02263333 13.5955 19208444 19350013 ENSFCAG00000012792 MAN1C1
C1 19163221 19426994 3 12.02263333 13.5955 19383908 19429120 ENSFCAG00000012794 MTFR1L
C1 44739234 44968354 1 10.6982 10.6982 44797502 44807914 ENSFCAG00000012971 TMEM61
C1 44739234 44968354 1 10.6982 10.6982 44720001 44750517 ENSFCAG00000003989 DHCR24
C1 44739234 44968354 1 10.6982 10.6982 44814185 44827090 ENSFCAG00000008815 BSND
C1 44739234 44968354 1 10.6982 10.6982 44839846 44983687 ENSFCAG00000008817 USP24
C2 10911480 11035122 1 10.9463 10.9463 11009600 11009989 ENSFCAG00000006759 KCNE1
C2 10911480 11035122 1 10.9463 10.9463 10858094 10960004 ENSFCAG00000041249 RCAN1
D1 20573574 20744810 1 10.9473 10.9473 20651676 20687820 ENSFCAG00000000425 SCN3B
D1 20573574 20744810 1 10.9473 10.9473 20505134 20658398 ENSFCAG00000004317 GRAMD1B
D1 98347574 98668453 2 11.15505 11.1577 98404583 98415700 ENSFCAG00000005617 ACCSL
D1 98347574 98668453 2 11.15505 11.1577 98605336 98651635 ENSFCAG00000005620 ALX4
D1 98347574 98668453 2 11.15505 11.1577 98421771 98435996 ENSFCAG00000005618 ACCS
D1 98347574 98668453 2 11.15505 11.1577 98444532 98589467 ENSFCAG00000005619 EXT2
D1 99769491 100092331 3 10.9423 10.9465 99829808 99831043 ENSFCAG00000006661 CHST1
D1 99769491 100092331 3 10.9423 10.9465 100061836 100062534 ENSFCAG00000041581 C11orf94
D1 99769491 100092331 3 10.9423 10.9465 100065658 100073099 ENSFCAG00000003190 PEX16
D1 99769491 100092331 3 10.9423 10.9465 100076433 100081490 ENSFCAG00000021941 LARGE2
D1 99769491 100092331 3 10.9423 10.9465 99967949 99977955 ENSFCAG00000026308 SLC35C1
D1 99769491 100092331 3 10.9423 10.9465 100042855 100061731 ENSFCAG00000003189 MAPK8IP1
D1 99769491 100092331 3 10.9423 10.9465 100006955 100040392 ENSFCAG00000003188 CRY2
D1 99769491 100092331 3 10.9423 10.9465 100086548 100242957 ENSFCAG00000027311 PHF21A
D1 110173196 110474492 5 12.84858 14.5146 110202353 110208879 ENSFCAG00000038054 ARL2
D1 110173196 110474492 5 12.84858 14.5146 110222725 110225600 ENSFCAG00000023322 SAC3D1
D1 110173196 110474492 5 12.84858 14.5146 110249175 110255505 ENSFCAG00000028197 CDCA5
D1 110173196 110474492 5 12.84858 14.5146 110256100 110259662 ENSFCAG00000006251 ZFPL1
D1 110173196 110474492 5 12.84858 14.5146 110259900 110261903 ENSFCAG00000045639 TMEM262
D1 110173196 110474492 5 12.84858 14.5146 110287408 110292061 ENSFCAG00000006254 TM7SF2
D1 110173196 110474492 5 12.84858 14.5146 110292268 110293464 ENSFCAG00000041142 ZNHIT2
D1 110173196 110474492 5 12.84858 14.5146 110297131 110307131 ENSFCAG00000030009 SYVN1
D1 110173196 110474492 5 12.84858 14.5146 110297295 110300857 ENSFCAG00000006256 MRPL49
D1 110173196 110474492 5 12.84858 14.5146 110180944 110188404 ENSFCAG00000006248 BATF2
D1 110173196 110474492 5 12.84858 14.5146 110212151 110223128 ENSFCAG00000006249 SNX15
D1 110173196 110474492 5 12.84858 14.5146 110267076 110287247 ENSFCAG00000006253 VPS51
D1 110173196 110474492 5 12.84858 14.5146 110295864 110297240 ENSFCAG00000001442 NA
D1 110173196 110474492 5 12.84858 14.5146 110345122 110348466 ENSFCAG00000029565 SPDYC
D1 110173196 110474492 5 12.84858 14.5146 110385606 110407137 ENSFCAG00000001439 NA
D1 110173196 110474492 5 12.84858 14.5146 110449482 110476231 ENSFCAG00000001440 NA
D1 110173196 110474492 5 12.84858 14.5146 110226293 110236866 ENSFCAG00000006250 NAALADL1
D1 110173196 110474492 5 12.84858 14.5146 110356426 110388364 ENSFCAG00000001438 CAPN1
D2 33244761 33568918 3 11.12966667 11.5259 33377189 33384265 ENSFCAG00000001230 NODAL
D2 33244761 33568918 3 11.12966667 11.5259 33349266 33367546 ENSFCAG00000036699 EIF4EBP2
D2 33244761 33568918 3 11.12966667 11.5259 33502766 33508861 ENSFCAG00000028455 PRF1
D2 33244761 33568918 3 11.12966667 11.5259 33233659 33323287 ENSFCAG00000001228 LRRC20
D2 33244761 33568918 3 11.12966667 11.5259 33411092 33486279 ENSFCAG00000001231 PALD1
D2 33244761 33568918 3 11.12966667 11.5259 33539757 33621396 ENSFCAG00000001232 ADAMTS14
D2 84510180 84789739 2 13.35415 15.5534 84682602 84740849 ENSFCAG00000007355 INSYN2A
D2 84510180 84789739 2 13.35415 15.5534 84463925 84996886 ENSFCAG00000008372 DOCK1
D3 3782885 4087514 4 13.534975 15.0932 4056208 4058014 ENSFCAG00000027695 NA
D3 68939531 69061980 1 10.3689 10.3689 68875322 69041886 ENSFCAG00000002785 LOXHD1
D3 68939531 69061980 1 10.3689 10.3689 69059564 69113697 ENSFCAG00000002786 ST8SIA5
D3 69271987 69697170 7 19.28785714 24.5186 69372876 69411618 ENSFCAG00000002788 HDHD2
D3 69271987 69697170 7 19.28785714 24.5186 69416925 69433383 ENSFCAG00000032516 NA
D3 69271987 69697170 7 19.28785714 24.5186 69298498 69366710 ENSFCAG00000018778 KATNAL2
D3 69271987 69697170 7 19.28785714 24.5186 69451939 69494787 ENSFCAG00000045761 SKOR2
D4 76510089 76645820 2 12.4859 12.4863 76631055 76635605 ENSFCAG00000043714 TEX48
D4 76510089 76645820 2 12.4859 12.4863 76494021 76519496 ENSFCAG00000042546 NA
D4 76510089 76645820 2 12.4859 12.4863 76573144 76581467 ENSFCAG00000034121 ATP6V1G1
D4 76510089 76645820 2 12.4859 12.4863 76593231 76615503 ENSFCAG00000042326 TMEM268
D4 81477358 81651052 1 10.9428 10.9428 81619478 81791843 ENSFCAG00000008625 CDK5RAP2
D4 87037978 87366691 3 14.76693333 17.5893 87154291 87348781 ENSFCAG00000005855 MVB12B
D4 90085641 90227035 1 11.4957 11.4957 90101901 90108060 ENSFCAG00000008977 TOR1B
D4 90085641 90227035 1 11.4957 11.4957 90120300 90127164 ENSFCAG00000004761 C9orf78
D4 90085641 90227035 1 11.4957 11.4957 90110429 90118801 ENSFCAG00000004760 TOR1A
D4 90085641 90227035 1 11.4957 11.4957 90127286 90172640 ENSFCAG00000013549 USP20
D4 90085641 90227035 1 11.4957 11.4957 90175413 90321739 ENSFCAG00000035160 FNBP1
D4 91661063 91977817 3 11.1346 11.5163 91548292 91680411 ENSFCAG00000007100 RAPGEF1
D4 91661063 91977817 3 11.1346 11.5163 91775931 91981978 ENSFCAG00000007101 MED27
E2 1997987 2197879 1 10.9407 10.9407 2160159 2161421 ENSFCAG00000031979 NA
E2 1997987 2197879 1 10.9407 10.9407 2128334 2139265 ENSFCAG00000027881 NA
E2 1997987 2197879 1 10.9407 10.9407 2135666 2207152 ENSFCAG00000024602 NA
E2 1997987 2197879 1 10.9407 10.9407 2072289 2101842 ENSFCAG00000033639 PEG3
E3 14952827 15099233 1 10.3696 10.3696 14743694 15254731 ENSFCAG00000008708 NA
F1 42743910 42947533 1 10.3745 10.3745 42782820 42788255 ENSFCAG00000000449 ELF3
F1 42743910 42947533 1 10.3745 10.3745 42865612 42872541 ENSFCAG00000000450 GPR37L1
F1 42743910 42947533 1 10.3745 10.3745 42886295 42888983 ENSFCAG00000043180 NA
F1 42743910 42947533 1 10.3745 10.3745 42732615 42747278 ENSFCAG00000026182 TIMM17A
F1 42743910 42947533 1 10.3745 10.3745 42760818 42779484 ENSFCAG00000000448 RNPEP
F1 42743910 42947533 1 10.3745 10.3745 42875253 42883376 ENSFCAG00000018232 ARL8A
F1 42743910 42947533 1 10.3745 10.3745 42890224 42894974 ENSFCAG00000045465 NA
F1 42743910 42947533 1 10.3745 10.3745 42923341 43044174 ENSFCAG00000025618 LGR6
F1 45951885 46160732 1 11.3742 11.3742 46028439 46035591 ENSFCAG00000027776 RAB29
F1 45951885 46160732 1 11.3742 11.3742 45943110 45963245 ENSFCAG00000006724 SLC45A3
F1 45951885 46160732 1 11.3742 11.3742 46047396 46069770 ENSFCAG00000022330 SLC41A1
F1 45951885 46160732 1 11.3742 11.3742 46081663 46113447 ENSFCAG00000006729 PM20D1
F1 45951885 46160732 1 11.3742 11.3742 45993527 46019861 ENSFCAG00000006726 NUCKS1
F1 45951885 46160732 1 11.3742 11.3742 46118080 46146377 ENSFCAG00000006730 SLC26A9
F2 3676886 3826461 1 13.5824 13.5824 3747937 3759560 ENSFCAG00000008555 EFCAB1
