chr	start	end	nSNPs	pos	lp_nhaps	lp_uhaps	lp_h12	lp_h2h1	lp_m	lp_A	statistic	bp_add	bp_cum	dataset
A1	7177227	7296145	101	7236686.5	2	1	1	0	1	100249000	11.154	0	7236686.5	saltiLASSI
A1	7235566	7372016	101	7303791.5	2	1	1	0	1	100249000	15.5531	0	7303791.5	saltiLASSI
A1	7296145	7441722	101	7368934	2	1	1	0	1	100249000	15.5562	0	7368934	saltiLASSI
A1	7372016	7515983	101	7444000	2	1	1	0	1	100249000	11.1563	0	7444000	saltiLASSI
A1	9438560	9584107	101	9511334	6	3	0.722222	0.111111	3	100249000	13.2428	0	9511334	saltiLASSI
A1	9525173	9664801	101	9594987.5	4	1	1	0	3	100249000	16.1522	0	9594987.5	saltiLASSI
A1	9584107	9713876	101	9648992	4	3	0.625	0.333333	3	100249000	12.6488	0	9648992	saltiLASSI
A1	20125014	20274556	101	20199785.5	6	3	0.722222	0.357143	3	100249000	11.7701	0	20199785.5	saltiLASSI
A1	79708747	79862079	101	79785413.5	2	2	1	0.5	2	100249000	10.3695	0	79785413.5	saltiLASSI
A1	81296572	81412157	101	81354365	2	1	1	0	1	3518830	11.1736	0	81354365	saltiLASSI
A1	81353256	81470713	101	81411985	2	1	1	0	2	100249000	12.0913	0	81411985	saltiLASSI
A1	81412157	81601639	101	81506898.5	2	1	1	0	1	100249000	11.1552	0	81506898.5	saltiLASSI
A1	177163902	177313225	101	177238564	2	1	1	0	2	100249000	14.1807	0	177238564	saltiLASSI
A1	237830683	237933133	101	237881908.5	2	2	1	0.5	4	100249000	10.5951	0	237881908.5	saltiLASSI
A1	238421708	238498918	101	238460313.5	2	2	1	0.5	2	100249000	10.3685	0	238460313.5	saltiLASSI
A1	239823028	239889628	101	239856328.5	2	2	1	0.5	2	100249000	10.3696	0	239856328.5	saltiLASSI
A1	239851762	239906941	101	239879352	2	2	1	0.5	2	100249000	10.3691	0	239879352	saltiLASSI
A2	63614282	63669274	101	63641778.5	2	2	1	0.5	2	100249000	10.3695	241699334	305341112.5	saltiLASSI
A2	63641366	63687810	101	63664588.5	2	2	1	0.5	2	100249000	12.4303	241699334	305363922.5	saltiLASSI
A2	63669274	63724674	101	63696974.5	2	2	1	0.5	2	100249000	12.4303	241699334	305396308.5	saltiLASSI
A2	155947780	156059472	101	156003626.5	2	2	1	0.5	2	100249000	10.3691	241699334	397702960.5	saltiLASSI
A2	167881359	167963754	101	167922557	2	2	1	0.5	2	100249000	10.9295	241699334	409621891	saltiLASSI
A2	167915661	167999449	101	167957555.5	2	2	1	0.5	2	100249000	10.9285	241699334	409656889.5	saltiLASSI
A2	170876718	170991566	101	170934142.5	2	2	1	0.5	2	100249000	19.0378	241699334	412633476.5	saltiLASSI
A2	170900077	171094335	101	170997206.5	2	2	1	0.5	2	100249000	10.3686	241699334	412696540.5	saltiLASSI
A2	170991566	171155846	101	171073706.5	2	2	1	0.5	2	100249000	10.3685	241699334	412773040.5	saltiLASSI
A2	171094335	171187865	101	171141100.5	2	2	1	0.5	2	100249000	10.3688	241699334	412840434.5	saltiLASSI
A3	2459733	2561306	101	2510520	2	1	1	0	1	2013500	11.6646	413028500	415539020	saltiLASSI
A3	2493621	2600975	101	2547298.5	2	1	1	0	1	2013500	11.7445	413028500	415575798.5	saltiLASSI
A3	2840608	2940341	101	2890475	2	1	1	0	1	100249000	13.1698	413028500	415918975	saltiLASSI
A3	3578314	3665609	101	3621962	2	1	1	0	2	100249000	13.2446	413028500	416650462	saltiLASSI
A3	3622608	3713062	101	3667835.5	2	1	1	0	2	100249000	12.1067	413028500	416696335.5	saltiLASSI
A3	3665609	3814047	101	3739828.5	2	2	1	0.5	2	100249000	12.1051	413028500	416768328.5	saltiLASSI
A3	3713062	3871251	101	3792157	2	2	1	0.5	2	100249000	12.1048	413028500	416820657	saltiLASSI
A3	3814047	3939966	101	3877007	2	1	1	0	2	100249000	11.5277	413028500	416905507	saltiLASSI
A3	3871251	3965473	101	3918362.5	2	1	1	0	2	100249000	12.0989	413028500	416946862.5	saltiLASSI
A3	3939966	4020019	101	3979993	2	2	1	0.5	1	100249000	11.1375	413028500	417008493	saltiLASSI
A3	6500112	6660320	101	6580216.5	2	2	1	0.5	2	100249000	11.5235	413028500	419608716.5	saltiLASSI
A3	6582296	6688763	101	6635530	2	2	1	0.5	2	100249000	13.5985	413028500	419664030	saltiLASSI
A3	21530073	21664894	101	21597484	2	2	1	0.5	1	100249000	11.1414	413028500	434625984	saltiLASSI
A3	21571290	21725763	101	21648527	2	1	1	0	2	100249000	12.092	413028500	434677027	saltiLASSI
A3	130747440	130827405	101	130787423	2	1	1	0	1	100249000	11.1521	413028500	543815923	saltiLASSI
A3	130784891	130849687	101	130817289.5	2	1	1	0	1	100249000	11.154	413028500	543845789.5	saltiLASSI
A3	134087756	134157906	101	134122831.5	4	3	0.625	0.333333	4	100249000	10.827	413028500	547151331.5	saltiLASSI
A3	134756127	134905324	101	134830726	2	2	1	0.5	2	100249000	10.945	413028500	547859226	saltiLASSI
A3	134868047	134938315	101	134903181.5	2	2	1	0.5	2	573382	10.3804	413028500	547931681.5	saltiLASSI
A3	138352816	138431335	101	138392076	2	1	1	0	3	100249000	11.7238	413028500	551420576	saltiLASSI
A3	138376717	138497805	101	138437261.5	2	1	1	0	3	100249000	11.7246	413028500	551465761.5	saltiLASSI
A3	139259101	139327217	101	139293159.5	4	1	1	0	2	100249000	11.011	413028500	552321659.5	saltiLASSI
A3	139963262	140000384	101	139981823.5	14	7	0.438776	0.0857143	7	100249000	11.0088	413028500	553010323.5	saltiLASSI
A3	139975564	140014836	101	139995200.5	6	6	0.222222	0.833333	7	100249000	11.4696	413028500	553023700.5	saltiLASSI
A3	140000384	140027018	101	140013701.5	10	6	0.4	0.166667	7	100249000	10.4196	413028500	553042201.5	saltiLASSI
A3	140014836	140038535	101	140026686	16	7	0.492188	0.1	7	100249000	11.3337	413028500	553055186	saltiLASSI
A3	140027018	140073978	101	140050498.5	8	6	0.3125	0.666667	6	100249000	14.2116	413028500	553078998.5	saltiLASSI
A3	141580448	141695992	101	141638220.5	2	1	1	0	1	100249000	17.5596	413028500	554666720.5	saltiLASSI
A3	141613844	141737813	101	141675829	2	1	1	0	1	100249000	15.5197	413028500	554704329	saltiLASSI
A3	141695992	141797511	101	141746752	2	1	1	0	2	100249000	12.1061	413028500	554775252	saltiLASSI
A3	141737813	141873689	101	141805751.5	2	2	1	0.5	2	100249000	11.5203	413028500	554834251.5	saltiLASSI
A3	142758230	142931651	101	142844941	2	1	1	0	1	100249000	13.1805	413028500	555873441	saltiLASSI
B1	202337335	202463893	101	202400614.5	2	2	1	0.5	3	100249000	13.1069	556154721	758555335.5	saltiLASSI
B1	202391975	202491889	101	202441932.5	8	4	0.59375	0.272727	3	100249000	13.1108	556154721	758596653.5	saltiLASSI
B1	202463893	202532682	101	202498288	4	3	0.625	0.333333	3	100249000	13.1117	556154721	758653009	saltiLASSI
B1	202491889	202568024	101	202529957	4	3	0.625	0.333333	3	100249000	11.5944	556154721	758684678	saltiLASSI
B2	3207100	3256653	101	3231877	2	1	1	0	1	100249000	11.1475	762937993	766169870	saltiLASSI
B2	3224428	3300470	101	3262449.5	2	1	1	0	1	100249000	11.1495	762937993	766200442.5	saltiLASSI
B2	42250038	42320676	101	42285357.5	4	3	0.625	0.333333	3	100249000	10.3792	762937993	805223350.5	saltiLASSI
B2	42283141	42393770	101	42338456	4	3	0.625	0.333333	3	100249000	11.8962	762937993	805276449	saltiLASSI
B3	2658878	2786279	101	2722579	2	2	1	0.5	2	100249000	10.3694	917608666.5	920331245.5	saltiLASSI
B3	32597997	32747617	101	32672807.5	2	2	1	0.5	2	100249000	10.3694	917608666.5	950281474	saltiLASSI
B3	32678108	32806360	101	32742234.5	2	2	1	0.5	2	100249000	10.3688	917608666.5	950350901	saltiLASSI
B3	37145448	37207628	101	37176538.5	2	2	1	0.5	2	100249000	10.3685	917608666.5	954785205	saltiLASSI
B3	37186253	37260900	101	37223577	2	2	1	0.5	2	100249000	14.5118	917608666.5	954832243.5	saltiLASSI
B3	37207628	37283198	101	37245413.5	2	2	1	0.5	2	100249000	14.5123	917608666.5	954854080	saltiLASSI
B3	37260900	37307920	101	37284410.5	2	2	1	0.5	2	100249000	12.4421	917608666.5	954893077	saltiLASSI
B3	37283198	37333129	101	37308164	2	2	1	0.5	2	100249000	12.4411	917608666.5	954916830.5	saltiLASSI
B3	136558921	136782562	101	136670742	2	1	1	0	1	100249000	13.1753	917608666.5	1054279408.5	saltiLASSI
B3	141290314	141425693	101	141358004	2	1	1	0	1	100249000	11.1545	917608666.5	1058966670.5	saltiLASSI
B3	141341426	141449765	101	141395596	2	1	1	0	2	100249000	12.0991	917608666.5	1059004262.5	saltiLASSI
B3	142036348	142107366	101	142071857.5	2	1	1	0	1	100249000	11.1571	917608666.5	1059680524	saltiLASSI
B3	142076488	142148156	101	142112322.5	2	1	1	0	1	100249000	11.1597	917608666.5	1059720989	saltiLASSI
B4	1306063	1381621	101	1343842.5	2	1	1	0	1	100249000	15.5525	1067122495	1068466337.5	saltiLASSI
B4	1381621	1445917	101	1413769.5	2	1	1	0	1	100249000	17.9168	1067122495	1068536264.5	saltiLASSI
B4	1403291	1481003	101	1442147.5	2	1	1	0	2	100249000	19.4829	1067122495	1068564642.5	saltiLASSI
B4	1445917	1497384	101	1471651	2	1	1	0	2	100249000	19.4874	1067122495	1068594146	saltiLASSI
B4	1481003	1526211	101	1503607.5	2	1	1	0	2	100249000	21.5592	1067122495	1068626102.5	saltiLASSI
B4	1497384	1563201	101	1530293	2	2	1	0.5	2	100249000	18.9081	1067122495	1068652788	saltiLASSI
B4	1526211	1594390	101	1560301	2	2	1	0.5	2	100249000	18.3278	1067122495	1068682796	saltiLASSI
B4	1563201	1625292	101	1594247	2	2	1	0.5	2	100249000	15.6752	1067122495	1068716742	saltiLASSI
B4	1594390	1708195	101	1651293	2	2	1	0.5	2	100249000	12.4432	1067122495	1068773788	saltiLASSI
B4	1625292	1778998	101	1702145.5	2	2	1	0.5	2	100249000	10.3692	1067122495	1068824640.5	saltiLASSI
B4	3847063	3979138	101	3913101	2	2	1	0.5	2	100249000	10.369	1067122495	1071035596	saltiLASSI
B4	4358922	4532085	101	4445504	2	2	1	0.5	2	100249000	10.944	1067122495	1071567999	saltiLASSI
B4	4463902	4601263	101	4532583	2	2	1	0.5	2	100249000	10.9458	1067122495	1071655078	saltiLASSI
B4	80709464	80844170	101	80776817.5	2	2	1	0.5	2	100249000	10.3685	1067122495	1147899312.5	saltiLASSI
B4	142059977	142092636	101	142076307	2	2	1	0.5	2	100249000	13.5796	1067122495	1209198802	saltiLASSI
B4	142079924	142115664	101	142097794.5	2	1	1	0	2	100249000	13.5807	1067122495	1209220289.5	saltiLASSI
B4	142092636	142129108	101	142110872.5	2	1	1	0	2	100249000	15.6133	1067122495	1209233367.5	saltiLASSI
B4	142115664	142167278	101	142141471.5	2	2	1	0.5	2	100249000	15.6123	1067122495	1209263966.5	saltiLASSI
B4	142129108	142273268	101	142201188.5	2	2	1	0.5	2	100249000	11.4881	1067122495	1209323683.5	saltiLASSI
C1	3212963	3308447	101	3260705.5	4	2	1	0.5	2	100249000	15.0751	1211325886.5	1214586592	saltiLASSI
C1	3257939	3374207	101	3316073.5	2	2	1	0.5	2	100249000	12.9996	1211325886.5	1214641960	saltiLASSI
C1	5594608	5745706	101	5670157.5	2	1	1	0	2	100249000	10.9435	1211325886.5	1216996044	saltiLASSI
C1	5639436	5855679	101	5747558	2	2	1	0.5	2	100249000	10.9437	1211325886.5	1217073444.5	saltiLASSI
C1	8094700	8256056	101	8175378.5	2	2	1	0.5	2	100249000	10.9315	1211325886.5	1219501265	saltiLASSI
C1	8158914	8333391	101	8246153	2	2	1	0.5	2	100249000	10.9457	1211325886.5	1219572039.5	saltiLASSI
C1	18856020	19021773	101	18938897	2	1	1	0	1	100249000	11.1601	1211325886.5	1230264783.5	saltiLASSI
C1	18933275	19118157	101	19025716.5	2	1	1	0	2	100249000	14.1658	1211325886.5	1230351603	saltiLASSI
C1	19021773	19152919	101	19087346.5	2	1	1	0	2	100249000	12.1035	1211325886.5	1230413233	saltiLASSI
C1	19183221	19266708	101	19224965	4	2	1	0.5	2	100249000	11.5282	1211325886.5	1230550851.5	saltiLASSI
C1	19227273	19324414	101	19275844	2	1	1	0	2	100249000	13.5955	1211325886.5	1230601730.5	saltiLASSI
C1	19266708	19406994	101	19336851.5	2	2	1	0.5	2	100249000	10.9442	1211325886.5	1230662738	saltiLASSI
C1	22595798	22654836	101	22625317.5	2	2	1	0.5	2	100249000	10.922	1211325886.5	1233951204	saltiLASSI
C1	22638443	22682652	101	22660548	2	2	1	0.5	2	100249000	10.9229	1211325886.5	1233986434.5	saltiLASSI
C1	22654836	22718796	101	22686816.5	2	2	1	0.5	2	100249000	13.5605	1211325886.5	1234012703	saltiLASSI
C1	22682652	22752602	101	22717627.5	4	3	0.625	0.333333	2	100249000	13.5596	1211325886.5	1234043514	saltiLASSI
C1	28706257	28788135	101	28747196.5	2	2	1	0.5	2	100249000	13.0203	1211325886.5	1240073083	saltiLASSI
C1	28746994	28835044	101	28791019.5	2	2	1	0.5	2	100249000	10.9489	1211325886.5	1240116906	saltiLASSI
C1	28788135	28903300	101	28845718	2	1	1	0	2	100249000	13.0209	1211325886.5	1240171604.5	saltiLASSI
C1	28835044	28956276	101	28895660.5	2	2	1	0.5	2	100249000	10.9399	1211325886.5	1240221547	saltiLASSI
C1	44759234	44948354	101	44853794.5	2	2	1	0.5	4	100249000	10.6982	1211325886.5	1256179681	saltiLASSI
C2	10931480	11015122	101	10973301.5	2	2	1	0.5	2	100249000	10.9463	1431582750	1442556051.5	saltiLASSI
C2	20733856	20830367	101	20782112	2	2	1	0.5	3	100249000	10.6515	1431582750	1452364862	saltiLASSI
D1	20593574	20724810	101	20659192.5	2	2	1	0.5	2	100249000	10.9473	1592577418	1613236610.5	saltiLASSI
D1	98367574	98580623	101	98474099	2	1	1	0	1	100249000	11.1577	1592577418	1691051517	saltiLASSI
D1	98463802	98648453	101	98556128	2	1	1	0	1	100249000	11.1524	1592577418	1691133546	saltiLASSI
D1	99789491	99992760	101	99891126	2	2	1	0.5	2	100249000	10.934	1592577418	1692468544	saltiLASSI
D1	99882359	100029448	101	99955904	2	2	1	0.5	2	100249000	10.9465	1592577418	1692533322	saltiLASSI
D1	99992760	100072331	101	100032546	2	1	1	0	2	100249000	10.9464	1592577418	1692609964	saltiLASSI
D1	110193196	110268762	101	110230979.5	2	2	1	0.5	2	100249000	10.3691	1592577418	1702808397.5	saltiLASSI
D1	110217691	110300559	101	110259125.5	2	2	1	0.5	2	100249000	12.4421	1592577418	1702836543.5	saltiLASSI
D1	110268762	110348635	101	110308699	2	2	1	0.5	2	100249000	14.5146	1592577418	1702886117	saltiLASSI
D1	110300559	110416698	101	110358629	2	2	1	0.5	2	100249000	14.4949	1592577418	1702936047	saltiLASSI
D1	110348635	110454492	101	110401564	2	2	1	0.5	2	100249000	12.4222	1592577418	1702978982	saltiLASSI
D2	33264761	33430428	101	33347595	2	2	1	0.5	2	100249000	10.9157	1710103881	1743451476	saltiLASSI
D2	33371750	33482738	101	33427244.5	2	1	1	0	2	100249000	10.9474	1710103881	1743531125.5	saltiLASSI
D2	33430428	33548918	101	33489673.5	2	2	1	0.5	2	100249000	11.5259	1710103881	1743593554.5	saltiLASSI
D2	40867334	40987063	101	40927199	2	1	1	0	2	100249000	10.9387	1710103881	1751031080	saltiLASSI
D2	84530180	84724211	101	84627196	2	1	1	0	1	100249000	11.1549	1710103881	1794731077	saltiLASSI
D2	84604603	84769739	101	84687171.5	2	1	1	0	1	100249000	15.5534	1710103881	1794791052.5	saltiLASSI
D3	3802885	3930318	101	3866602	2	2	1	0.5	2	100249000	10.9387	1798373091	1802239693	saltiLASSI
D3	3872625	3986523	101	3929574.5	4	2	1	0.1	2	100249000	15.0852	1798373091	1802302665.5	saltiLASSI
D3	3930318	4045780	101	3988049.5	2	2	1	0.5	2	100249000	13.0228	1798373091	1802361140.5	saltiLASSI
D3	3986523	4067514	101	4027019	2	2	1	0.5	2	100249000	15.0932	1798373091	1802400110	saltiLASSI
D3	68959531	69041980	101	69000756	2	2	1	0.5	2	100249000	10.3689	1798373091	1867373847	saltiLASSI
D3	69291987	69359708	101	69325848	10	6	0.32	0.55	3	100249000	21.9695	1798373091	1867698939	saltiLASSI
D3	69332610	69378023	101	69355317	8	3	0.78125	0.0526316	3	100249000	20.4591	1798373091	1867728408	saltiLASSI
D3	69359708	69426293	101	69393001	8	3	0.78125	0.0526316	3	100249000	21.9797	1798373091	1867766092	saltiLASSI
D3	69378023	69463240	101	69420632	6	3	0.722222	0.111111	3	100249000	21.9788	1798373091	1867793723	saltiLASSI
D3	69426293	69548331	101	69487312.5	4	3	0.625	0.333333	3	100249000	24.5186	1798373091	1867860403.5	saltiLASSI
D3	69463240	69598502	101	69530871.5	2	2	1	0.5	3	100249000	13.7366	1798373091	1867903962.5	saltiLASSI
D3	69548331	69677170	101	69612751	2	2	1	0.5	3	100249000	10.3727	1798373091	1867985842	saltiLASSI
D4	76530089	76584986	101	76557538	2	1	1	0	3	100249000	12.4863	1893866636.5	1970424174.5	saltiLASSI
D4	76559536	76625820	101	76592678.5	4	4	0.375	0.75	3	100249000	12.4855	1893866636.5	1970459315	saltiLASSI
D4	81497358	81631052	101	81564205.5	2	2	1	0.5	2	100249000	10.9428	1893866636.5	1975430842	saltiLASSI
D4	87057978	87200807	101	87129393	2	1	1	0	1	100249000	17.5893	1893866636.5	1980996029.5	saltiLASSI
D4	87111498	87299699	101	87205599	2	1	1	0	1	100249000	15.5544	1893866636.5	1981072235.5	saltiLASSI
D4	87200807	87346691	101	87273749.5	2	1	1	0	1	100249000	11.1571	1893866636.5	1981140386	saltiLASSI
D4	90105641	90207035	101	90156338.5	2	1	1	0	2	100249000	11.4957	1893866636.5	1984022975	saltiLASSI
D4	91681063	91855935	101	91768499.5	2	2	1	0.5	2	100249000	10.9406	1893866636.5	1985635136	saltiLASSI
D4	91770700	91890120	101	91830410.5	2	2	1	0.5	2	100249000	10.9469	1893866636.5	1985697047	saltiLASSI
D4	91855935	91957817	101	91906876.5	2	1	1	0	2	100249000	11.5163	1893866636.5	1985773513	saltiLASSI
E1	56154411	56225833	101	56190122.5	2	2	1	0.5	2	100249000	12.4379	1990117120.5	2046307243	saltiLASSI
E2	2017987	2177879	101	2097933.5	2	2	1	0.5	2	100249000	10.9407	2053154359.5	2055252293	saltiLASSI
E2	20800148	20848254	101	20824201.5	2	1	1	0	2	100249000	10.4363	2053154359.5	2073978561	saltiLASSI
E2	20848254	20916657	101	20882456	2	1	1	0	2	100249000	10.4381	2053154359.5	2074036815.5	saltiLASSI
E2	20876993	20954355	101	20915674.5	4	4	0.375	0.75	2	100249000	10.4349	2053154359.5	2074070034	saltiLASSI
E3	11759194	11822636	101	11790915.5	2	1	1	0	2	100249000	12.1016	2117031802	2128822717.5	saltiLASSI
E3	11804834	11846463	101	11825649	2	2	1	0.5	2	100249000	12.6605	2117031802	2128857451	saltiLASSI
E3	12407542	12446342	101	12426942.5	2	2	1	0.5	3	100249000	13.7355	2117031802	2129458744.5	saltiLASSI
E3	12430721	12486202	101	12458462	4	3	0.625	0.333333	3	100249000	13.737	2117031802	2129490264	saltiLASSI
E3	12446342	12514685	101	12480514	2	1	1	0	3	100249000	13.7368	2117031802	2129512316	saltiLASSI
E3	12486202	12542653	101	12514428	4	3	0.625	0.333333	3	100249000	13.7351	2117031802	2129546230	saltiLASSI
E3	14972827	15079233	101	15026030.5	2	2	1	0.5	2	100249000	10.3696	2117031802	2132057832.5	saltiLASSI
F1	42763910	42927533	101	42845722	2	2	1	0.5	3	100249000	10.3745	2161314897.5	2204160619.5	saltiLASSI
F1	45971885	46140732	101	46056309	2	1	1	0	1	215855	11.3742	2161314897.5	2207371206.5	saltiLASSI
F2	3696886	3806461	101	3751674	2	1	1	0	2	100249000	13.5824	2231107304.5	2234858978.5	saltiLASSI
