chr start end size windows mean_lassi max_lassi gene_start gene_end ensembl_id gene_name
A1 23965960 24207911 241951 20 30.808625 38.4289 24126260 24126895 ENSFCAG00000026862 NA
A1 25049756 25215366 165610 14 34.32773571 48.2313 25000930 25100066 ENSFCAG00000004877 ZC3H13
A1 53428062 53575843 147781 5 31.53024 41.0371 53385334 53468840 ENSFCAG00000000561 RBM26
A1 53428062 53575843 147781 5 31.53024 41.0371 53534111 53602068 ENSFCAG00000025797 NDFIP2
A1 72140813 72329284 188471 13 34.30936154 38.4467 72241242 72546565 ENSFCAG00000005326 NALCN
A1 80171548 80287009 115461 14 29.1049 34.3543 80132371 80288946 ENSFCAG00000014784 COL4A1
A1 80922839 81003286 80447 8 25.4587875 29.1927 80953046 80968795 ENSFCAG00000031278 NA
A1 80922839 81003286 80447 8 25.4587875 29.1927 80813873 80947740 ENSFCAG00000014533 ARHGEF7
A1 82069750 82083807 14057 2 23.2449 23.4502 81974353 82096466 ENSFCAG00000014241 ATP11A
A1 82373161 82630989 257828 27 27.87736296 33.0278 82576897 82583415 ENSFCAG00000005403 ATP4B
A1 82373161 82630989 257828 27 27.87736296 33.0278 82591846 82607958 ENSFCAG00000006899 GRK1
A1 82373161 82630989 257828 27 27.87736296 33.0278 82368526 82387129 ENSFCAG00000014248 GRTP1
A1 82373161 82630989 257828 27 27.87736296 33.0278 82409267 82428025 ENSFCAG00000014249 NA
A1 82373161 82630989 257828 27 27.87736296 33.0278 82461832 82512506 ENSFCAG00000014250 TMCO3
A1 82373161 82630989 257828 27 27.87736296 33.0278 82618690 82657470 ENSFCAG00000006900 NA
A1 82373161 82630989 257828 27 27.87736296 33.0278 82429910 82461515 ENSFCAG00000018528 NA
A1 82373161 82630989 257828 27 27.87736296 33.0278 82535889 82576090 ENSFCAG00000005399 TFDP1
A1 82943668 83076084 132416 7 25.59047143 31.5096 82946413 82961637 ENSFCAG00000040167 NA
A1 82943668 83076084 132416 7 25.59047143 31.5096 82997392 83030903 ENSFCAG00000014600 CDC16
A1 82943668 83076084 132416 7 25.59047143 31.5096 83042641 83063847 ENSFCAG00000014602 UPF3A
A1 86053099 86213517 160418 4 27.984575 29.4571 86172696 86173628 ENSFCAG00000033384 NA
A1 88261139 88348929 87790 2 22.50925 22.6007 88261876 88268983 ENSFCAG00000025872 GUK1
A1 88261139 88348929 87790 2 22.50925 22.6007 88269095 88272898 ENSFCAG00000015199 MRPL55
A1 88261139 88348929 87790 2 22.50925 22.6007 88274913 88276635 ENSFCAG00000022579 C1orf35
A1 88261139 88348929 87790 2 22.50925 22.6007 88277870 88293491 ENSFCAG00000029374 ARF1
A1 88261139 88348929 87790 2 22.50925 22.6007 88309953 88353376 ENSFCAG00000036791 WNT3A
A1 92534489 92895029 360540 13 30.17106923 45.6666 92653047 92665286 ENSFCAG00000014700 SQSTM1
A1 92534489 92895029 360540 13 30.17106923 45.6666 92688902 92692170 ENSFCAG00000019371 LTC4S
A1 92534489 92895029 360540 13 30.17106923 45.6666 92808969 92810755 ENSFCAG00000004846 CBY3
A1 92534489 92895029 360540 13 30.17106923 45.6666 92850961 92860447 ENSFCAG00000001204 HNRNPH1
A1 92534489 92895029 360540 13 30.17106923 45.6666 92581611 92628937 ENSFCAG00000014707 TBC1D9B
A1 92534489 92895029 360540 13 30.17106923 45.6666 92631799 92653127 ENSFCAG00000014705 NA
A1 92534489 92895029 360540 13 30.17106923 45.6666 92678236 92687929 ENSFCAG00000014697 MGAT4B
A1 92534489 92895029 360540 13 30.17106923 45.6666 92709512 92755056 ENSFCAG00000014693 MAML1
A1 92534489 92895029 360540 13 30.17106923 45.6666 92729147 92790683 ENSFCAG00000022987 CANX
A1 92534489 92895029 360540 13 30.17106923 45.6666 92850189 92925076 ENSFCAG00000001202 RUFY1
A1 92534489 92895029 360540 13 30.17106923 45.6666 92437892 92570658 ENSFCAG00000014711 RNF130
A1 94206347 94240542 34195 2 26.484 27.0278 93871089 94232263 ENSFCAG00000045286 COL23A1
A1 94206347 94240542 34195 2 26.484 27.0278 94236106 94278385 ENSFCAG00000015542 PHYKPL
A1 110719833 110818159 98326 3 26.73113333 29.9019 110634928 110825005 ENSFCAG00000001479 NA
A1 116669735 116797932 128197 3 27.98036667 31.0636 116720770 116726245 ENSFCAG00000001707 WNT8A
A1 116669735 116797932 128197 3 27.98036667 31.0636 116752432 116774611 ENSFCAG00000029470 NME5
A1 116669735 116797932 128197 3 27.98036667 31.0636 116584667 116675758 ENSFCAG00000015549 FAM13B
A1 116669735 116797932 128197 3 27.98036667 31.0636 116776335 116810259 ENSFCAG00000001709 BRD8
A1 116851549 116947191 95642 2 24.7011 25.9387 116924714 116929548 ENSFCAG00000022610 NA
A1 116851549 116947191 95642 2 24.7011 25.9387 116870936 116887585 ENSFCAG00000001712 GFRA3
A1 116851549 116947191 95642 2 24.7011 25.9387 116930255 116940686 ENSFCAG00000001714 FAM53C
A1 116851549 116947191 95642 2 24.7011 25.9387 116943985 117012501 ENSFCAG00000001715 KDM3B
A1 116851549 116947191 95642 2 24.7011 25.9387 116894832 116924768 ENSFCAG00000031992 CDC25C
A1 127265531 127373303 107772 4 25.8326 30.8501 127318431 127395010 ENSFCAG00000014104 MAP3K1
A1 127641912 127947523 305611 17 51.39467647 75.1964 127880003 127881133 ENSFCAG00000003001 ACTBL2
A1 127641912 127947523 305611 17 51.39467647 75.1964 127625093 127701019 ENSFCAG00000025310 GPBP1
A1 129319410 129377872 58462 3 22.25206667 22.6332 129266245 129321620 ENSFCAG00000027730 PDE4D
A1 129319410 129377872 58462 3 22.25206667 22.6332 129333600 129488803 ENSFCAG00000045939 NA
A1 131439410 131550710 111300 5 32.09314 37.451 131369372 131565089 ENSFCAG00000018889 ZSWIM6
A1 135358185 135413316 55131 1 22.87 22.87 135307524 135397959 ENSFCAG00000024125 ERBIN
A1 142130088 142271893 141805 6 31.59716667 36.7959 142221466 142298130 ENSFCAG00000001614 POLK
A1 142130088 142271893 141805 6 31.59716667 36.7959 142116647 142221409 ENSFCAG00000031307 COL4A3BP
A1 149889256 150076480 187224 9 33.62541111 39.73 149582263 149992100 ENSFCAG00000002497 EDIL3
A1 155318539 155364125 45586 1 21.812 21.812 155202961 155768287 ENSFCAG00000012405 ADGRV1
A1 155404397 155444602 40205 3 22.88956667 23.8461 155202961 155768287 ENSFCAG00000012405 ADGRV1
A1 159995644 160209618 213974 9 27.39495556 35.849 160022734 160096700 ENSFCAG00000023599 ELL2
A1 161093158 161336995 243837 16 44.45269375 54.6307 161223927 161245784 ENSFCAG00000024077 RIOK2
A1 161093158 161336995 243837 16 44.45269375 54.6307 161022615 161108427 ENSFCAG00000004970 LNPEP
A1 161093158 161336995 243837 16 44.45269375 54.6307 161160011 161220763 ENSFCAG00000036976 LIX1
A1 170009706 170109993 100287 7 23.29328571 24.0388 169919685 170193525 ENSFCAG00000037704 EFNA5
A1 170337361 170512726 175365 9 28.05787778 30.9208 170372726 170869196 ENSFCAG00000046291 FBXL17
A1 170858651 171112201 253550 12 30.680975 38.0008 170372726 170869196 ENSFCAG00000046291 FBXL17
A1 171520231 171803443 283212 14 25.51383571 27.5342 171723282 171771918 ENSFCAG00000013298 PJA2
A1 171520231 171803443 283212 14 25.51383571 27.5342 171331923 171609369 ENSFCAG00000013296 NA
A2 27705076 27746900 41824 3 22.81966667 23.5234 27488358 28242600 ENSFCAG00000033312 FHIT
A2 27768325 27825607 57282 4 25.205175 27.3593 27488358 28242600 ENSFCAG00000033312 FHIT
A2 48321161 48424949 103788 5 26.79586 28.3006 48335026 49210889 ENSFCAG00000029003 GRM7
A2 64914245 64938360 24115 3 23.61116667 24.3128 64542043 64940217 ENSFCAG00000013084 ABCA13
A2 83849770 83897524 47754 1 22.0595 22.0595 83870419 83870826 ENSFCAG00000036336 NA
A2 83849770 83897524 47754 1 22.0595 22.0595 83895218 83959713 ENSFCAG00000003993 RSBN1L
A2 85382166 85595383 213217 12 25.39288333 27.4903 84180535 85537279 ENSFCAG00000030754 MAGI2
A2 87289845 87537003 247158 13 33.6599 46.6803 87533084 87533521 ENSFCAG00000044481 NA
A2 92619640 92659305 39665 2 22.40105 22.4046 92531985 92714803 ENSFCAG00000007415 KIAA1324L
A2 94436035 94842151 406116 28 27.14651786 36.1701 94255848 94772461 ENSFCAG00000008141 ZNF804B
A2 97963211 98213955 250744 7 28.24297143 32.8132 98187612 98198768 ENSFCAG00000029344 SAMD9L
A2 97963211 98213955 250744 7 28.24297143 32.8132 97716309 97964931 ENSFCAG00000045118 CDK6
A2 131633058 131726712 93654 5 25.69956 27.559 131300993 132145412 ENSFCAG00000033257 IMMP2L
A2 136432681 136733452 300771 14 31.70068571 43.3693 136488173 136497175 ENSFCAG00000023324 CAV2
A2 136432681 136733452 300771 14 31.70068571 43.3693 136519383 136557497 ENSFCAG00000034785 CAV1
A2 136432681 136733452 300771 14 31.70068571 43.3693 136687563 136746865 ENSFCAG00000009534 NA
A2 140699126 140724271 25145 2 23.5572 25.3844 140673119 140737322 ENSFCAG00000023087 FAM3C
A3 25148256 25211267 63011 1 23.6293 23.6293 25082218 25150240 ENSFCAG00000011037 ASIP
A3 39786486 39838603 52117 2 23.0954 23.1307 39752942 39823716 ENSFCAG00000033400 NA
A3 48035424 48163235 127811 8 25.2949625 30.17 48110497 48111660 ENSFCAG00000022777 SSTR4
A3 48035424 48163235 127811 8 25.2949625 30.17 48125271 48127289 ENSFCAG00000011513 THBD
A3 48035424 48163235 127811 8 25.2949625 30.17 48161376 48165225 ENSFCAG00000025238 CD93
A3 53350399 53535754 185355 5 25.14016 29.5246 53458705 53526044 ENSFCAG00000001967 SEPT10
A3 53574688 54215747 641059 41 27.9144122 35.7248 53595956 53958801 ENSFCAG00000029081 SH3RF3
A3 53574688 54215747 641059 41 27.9144122 35.7248 54094888 54183861 ENSFCAG00000012594 EDAR
A3 67702901 67838267 135366 5 26.48818 29.4482 67572155 67777214 ENSFCAG00000005101 SRBD1
A3 67702901 67838267 135366 5 26.48818 29.4482 67817007 68320339 ENSFCAG00000005102 PRKCE
A3 75073783 75135147 61364 2 22.29855 22.6255 75053801 75155968 ENSFCAG00000027866 PSME4
A3 75615226 75743374 128148 8 28.1205 32.8631 75638333 75841147 ENSFCAG00000010592 SPTBN1
A3 105832267 105902624 70357 3 24.6369 26.9481 105825988 105920267 ENSFCAG00000027305 ANAPC1
A3 106371310 106579902 208592 18 27.16148333 34.0714 106468624 106517701 ENSFCAG00000036350 BCL2L11
A3 106371310 106579902 208592 18 27.16148333 34.0714 106520975 106845381 ENSFCAG00000041937 ACOXL
A3 106682753 106713794 31041 2 22.3664 22.7373 106520975 106845381 ENSFCAG00000041937 ACOXL
A3 126861000 126904452 43452 1 23.5985 23.5985 126885390 126987144 ENSFCAG00000026226 LDAH
B1 40786874 41035872 248998 6 27.88316667 32.4414 40502900 41151370 ENSFCAG00000033051 PSD3
B1 42076028 42358688 282660 11 40.80929091 53.9075 42224941 42235329 ENSFCAG00000045863 THAP1
B1 42076028 42358688 282660 11 40.80929091 53.9075 42285303 42301317 ENSFCAG00000022358 CHRNA6
B1 42076028 42358688 282660 11 40.80929091 53.9075 42059896 42169415 ENSFCAG00000025031 HOOK3
B1 42076028 42358688 282660 11 40.80929091 53.9075 42169658 42215415 ENSFCAG00000028034 RNF170
B1 42076028 42358688 282660 11 40.80929091 53.9075 42320651 42353856 ENSFCAG00000010080 CHRNB3
B1 79054587 79103118 48531 2 22.8619 23.4152 79080222 79081301 ENSFCAG00000025743 MAB21L2
B1 79054587 79103118 48531 2 22.8619 23.4152 78589286 79368345 ENSFCAG00000025294 LRBA
B1 79161645 79205755 44110 1 22.0297 22.0297 78589286 79368345 ENSFCAG00000025294 LRBA
B1 98007399 98121181 113782 3 23.52783333 23.9198 98102028 98161579 ENSFCAG00000027791 JADE1
B1 98007399 98121181 113782 3 23.52783333 23.9198 97859019 98093529 ENSFCAG00000003448 SCLT1
B1 110752205 110782680 30475 1 22.219 22.219 110760585 111014197 ENSFCAG00000013922 NDST4
B1 124223634 124504969 281335 21 32.75917619 40.543 124424546 124487289 ENSFCAG00000029668 MTTP
B1 124223634 124504969 281335 21 32.75917619 40.543 124487610 124510090 ENSFCAG00000029521 TRMT10A
B1 124223634 124504969 281335 21 32.75917619 40.543 124222923 124276987 ENSFCAG00000023422 DAPP1
B1 124223634 124504969 281335 21 32.75917619 40.543 124362223 124412583 ENSFCAG00000022924 C4orf54
B1 130292757 130355055 62298 4 23.4947 24.9078 129624584 131078058 ENSFCAG00000023738 GRID2
B1 143377012 143429030 52018 2 24.5543 25.4035 143399850 143423597 ENSFCAG00000043055 PAQR3
B1 143377012 143429030 52018 2 24.5543 25.4035 143422706 143555516 ENSFCAG00000002953 BMP2K
B1 161720495 162089215 368720 29 46.36048966 70.406 161989061 162002401 ENSFCAG00000024100 NOA1
B1 161720495 162089215 368720 29 46.36048966 70.406 161943245 161989101 ENSFCAG00000003905 POLR2B
B1 161720495 162089215 368720 29 46.36048966 70.406 162016133 162039675 ENSFCAG00000046155 REST
B1 161720495 162089215 368720 29 46.36048966 70.406 161873194 161946667 ENSFCAG00000025634 IGFBP7
B2 39181294 39376586 195292 10 43.3831 58.1989 39085306 39409632 ENSFCAG00000010969 ZFAND3
B2 40196352 40277287 80935 5 24.53486 26.8076 40262724 40297799 ENSFCAG00000006409 GLP1R
B2 40287840 40336103 48263 3 23.84573333 25.9944 40313632 40320094 ENSFCAG00000032848 SAYSD1
B2 40287840 40336103 48263 3 23.84573333 25.9944 40262724 40297799 ENSFCAG00000006409 GLP1R
B2 45917520 46018480 100960 5 24.87518 27.5577 45502272 46032361 ENSFCAG00000009577 SUPT3H
B2 45917520 46018480 100960 5 24.87518 27.5577 45989343 46319521 ENSFCAG00000041932 RUNX2
B2 46047492 46082027 34535 1 24.4097 24.4097 45989343 46319521 ENSFCAG00000041932 RUNX2
B2 54950927 55064571 113644 7 23.30068571 24.3873 55017476 55111858 ENSFCAG00000013437 FAM83B
B2 56589416 56616185 26769 1 22.3818 22.3818 56519558 56891018 ENSFCAG00000028438 DST
B2 56624566 56646906 22340 1 21.8216 21.8216 56519558 56891018 ENSFCAG00000028438 DST
B2 65140346 65183786 43440 2 24.309 26.4814 65174697 65175747 ENSFCAG00000032942 NA
B2 65140346 65183786 43440 2 24.309 26.4814 64708055 65433080 ENSFCAG00000002654 ADGRB3
B2 77638546 77693690 55144 2 24.2047 26.5532 77593749 77784266 ENSFCAG00000031619 ME1
B2 87392795 87671451 278656 17 46.37591765 62.1757 87476169 87476672 ENSFCAG00000034817 NA
B2 88347897 88529145 181248 10 24.18509 28.1663 88477324 88478862 ENSFCAG00000030894 NA
B2 88690826 88755317 64491 3 24.64036667 26.3363 88629374 88696824 ENSFCAG00000036280 MANEA
B2 89127887 89260925 133038 7 23.55294286 27.195 89186756 89283940 ENSFCAG00000003297 FUT9
B2 90181131 90215216 34085 1 23.2268 23.2268 90145901 90276490 ENSFCAG00000043637 MMS22L
B2 97363576 97386612 23036 1 24.0821 24.0821 97333425 97461822 ENSFCAG00000044308 LIN28B
B3 24096424 24494140 397716 9 32.30443333 35.3301 24421027 24492087 ENSFCAG00000027111 UBE3A
B3 27046369 27288718 242349 8 29.09595 36.3463 26410509 27105232 ENSFCAG00000023805 GABRG3
B3 27493169 27595814 102645 3 23.91086667 24.181 27381201 27877048 ENSFCAG00000000153 OCA2
B3 27810356 27896415 86059 2 22.16355 22.1657 27381201 27877048 ENSFCAG00000000153 OCA2
B3 27810356 27896415 86059 2 22.16355 22.1657 27887083 28167552 ENSFCAG00000000154 HERC2
B3 32013190 32053520 40330 1 22.9886 22.9886 31984656 32014344 ENSFCAG00000037699 TSPAN3
B3 56633641 56693665 60024 2 23.06085 24.131 56491935 56701828 ENSFCAG00000025633 FAM227B
B3 56705672 56744852 39180 6 22.6224 23.658 56702234 56838720 ENSFCAG00000006030 GALK2
B3 56768264 56810539 42275 1 21.8903 21.8903 56702234 56838720 ENSFCAG00000006030 GALK2
B3 67111705 67343411 231706 13 30.72345385 37.7302 67140422 67157002 ENSFCAG00000014523 TMCO5A
B3 67111705 67343411 231706 13 30.72345385 37.7302 67172989 67176066 ENSFCAG00000029681 NA
B3 78764435 78901715 137280 4 23.722 24.3959 78740501 78887835 ENSFCAG00000004226 NOVA1
B3 114768937 114831579 62642 1 21.8181 21.8181 114732391 115361716 ENSFCAG00000013487 GPHN
B3 115981877 116023830 41953 1 22.4513 22.4513 116004335 116005897 ENSFCAG00000033449 NA
B3 115981877 116023830 41953 1 22.4513 22.4513 115964231 116537685 ENSFCAG00000007657 RAD51B
B4 55747085 55916888 169803 12 23.81476667 25.3514 55884165 55949263 ENSFCAG00000000972 PDE3A
B4 56636159 56860967 224808 30 32.00642333 41.0971 56780819 56781136 ENSFCAG00000039925 NA
B4 56636159 56860967 224808 30 32.00642333 41.0971 56737536 56739299 ENSFCAG00000035338 NA
B4 57618657 57686795 68138 3 26.11096667 28.0947 57538829 57662081 ENSFCAG00000012523 ABCC9
B4 94564807 94607228 42421 1 24.2815 24.2815 94524587 94568664 ENSFCAG00000023558 CAND1
B4 101929110 101964667 35557 1 26.4814 26.4814 101936859 101970404 ENSFCAG00000000279 NAP1L1
B4 102486109 102525277 39168 1 21.7148 21.7148 102491215 102581606 ENSFCAG00000027034 ZDHHC17
C1 38939639 39117805 178166 10 25.57767 27.9123 38921943 38969327 ENSFCAG00000000551 BEND5
C1 38939639 39117805 178166 10 25.57767 27.9123 39002820 40175890 ENSFCAG00000043272 NA
C1 79424840 79573737 148897 4 27.2779 29.7458 79465391 79484842 ENSFCAG00000031097 TMED5
C1 79424840 79573737 148897 4 27.2779 29.7458 79371568 79451761 ENSFCAG00000015025 MTF2
C1 79424840 79573737 148897 4 27.2779 29.7458 79487286 79603619 ENSFCAG00000015028 CCDC18
C1 88218770 88378944 160174 11 29.62753636 34.4865 88299002 88514345 ENSFCAG00000045165 COL11A1
C1 88411474 88441967 30493 1 22.9779 22.9779 88299002 88514345 ENSFCAG00000045165 COL11A1
C1 99554337 99576597 22260 1 23.645 23.645 99517256 99599568 ENSFCAG00000022423 SLC22A15
C1 106099023 106338585 239562 10 26.02149 28.4064 106157305 106165389 ENSFCAG00000032352 BNIPL
C1 106099023 106338585 239562 10 26.02149 28.4064 106165672 106167576 ENSFCAG00000041587 C1orf56
C1 106099023 106338585 239562 10 26.02149 28.4064 106180991 106181263 ENSFCAG00000027874 MLLT11
C1 106099023 106338585 239562 10 26.02149 28.4064 106252928 106253482 ENSFCAG00000005558 TNFAIP8L2
C1 106099023 106338585 239562 10 26.02149 28.4064 106254002 106261521 ENSFCAG00000036601 LYSMD1
C1 106099023 106338585 239562 10 26.02149 28.4064 106261747 106264457 ENSFCAG00000005560 SCNM1
C1 106099023 106338585 239562 10 26.02149 28.4064 106266774 106281651 ENSFCAG00000005562 VPS72
C1 106099023 106338585 239562 10 26.02149 28.4064 106332194 106344857 ENSFCAG00000042092 PSMD4
C1 106099023 106338585 239562 10 26.02149 28.4064 106068072 106101001 ENSFCAG00000009655 SETDB1
C1 106099023 106338585 239562 10 26.02149 28.4064 106100957 106111365 ENSFCAG00000009657 CERS2
C1 106099023 106338585 239562 10 26.02149 28.4064 106115777 106125372 ENSFCAG00000009658 ANXA9
C1 106099023 106338585 239562 10 26.02149 28.4064 106125981 106135836 ENSFCAG00000009660 MINDY1
C1 106099023 106338585 239562 10 26.02149 28.4064 106137345 106156780 ENSFCAG00000044569 PRUNE1
C1 106099023 106338585 239562 10 26.02149 28.4064 106182299 106219412 ENSFCAG00000033249 GABPB2
C1 106099023 106338585 239562 10 26.02149 28.4064 106226325 106239713 ENSFCAG00000005557 SEMA6C
C1 106099023 106338585 239562 10 26.02149 28.4064 106264794 106269704 ENSFCAG00000005561 TMOD4
C1 106099023 106338585 239562 10 26.02149 28.4064 106168109 106175661 ENSFCAG00000043888 CDC42SE1
C1 106099023 106338585 239562 10 26.02149 28.4064 106285564 106320461 ENSFCAG00000005563 PIP5K1A
C1 112982610 113065158 82548 3 27.7973 31.2231 112936664 112983301 ENSFCAG00000042057 HS6ST1
C1 112982610 113065158 82548 3 27.7973 31.2231 113033693 113148356 ENSFCAG00000001264 UGGT1
C1 116375869 116428203 52334 3 23.37303333 24.0629 116130024 116959887 ENSFCAG00000011127 CNTNAP5
C1 128407080 128626321 219241 19 31.83490526 42.7058 128238031 128529629 ENSFCAG00000015759 MGAT5
C1 128407080 128626321 219241 19 31.83490526 42.7058 128535568 128773721 ENSFCAG00000045338 TMEM163
C1 129512517 129574544 62027 1 24.1468 24.1468 129521769 129527512 ENSFCAG00000028173 NA
C1 129512517 129574544 62027 1 24.1468 24.1468 129567549 129719305 ENSFCAG00000027113 R3HDM1
C1 130595754 130813806 218052 15 25.94655333 29.5504 130808277 131553819 ENSFCAG00000013556 THSD7B
C1 133902881 134023167 120286 4 22.745925 24.3711 133970333 133970500 ENSFCAG00000040768 NA
C1 133902881 134023167 120286 4 22.745925 24.3711 133971241 135875522 ENSFCAG00000026584 LRP1B
C1 134050292 134099793 49501 2 24.01785 24.0209 133971241 135875522 ENSFCAG00000026584 LRP1B
C1 161330019 161417819 87800 2 22.61665 22.7279 161195709 161441729 ENSFCAG00000031648 UBR3
C1 187785448 188010909 225461 8 28.8641125 34.8809 187826228 187834132 ENSFCAG00000030283 CLK1
C1 187785448 188010909 225461 8 28.8641125 34.8809 187788874 187799843 ENSFCAG00000025654 BZW1
C1 187785448 188010909 225461 8 28.8641125 34.8809 187838670 187851322 ENSFCAG00000005373 NA
C1 187785448 188010909 225461 8 28.8641125 34.8809 187853846 187875209 ENSFCAG00000041391 NIF3L1
C1 187785448 188010909 225461 8 28.8641125 34.8809 187879274 187926293 ENSFCAG00000030533 ORC2
C1 187785448 188010909 225461 8 28.8641125 34.8809 187939848 188026360 ENSFCAG00000018116 FAM126B
C1 199185670 199285406 99736 4 23.3697 24.0826 199063152 200068121 ENSFCAG00000015155 SPAG16
C2 38449409 38476114 26705 1 24.1373 24.1373 37936379 38999288 ENSFCAG00000024507 CADM2
C2 45561108 45591957 30849 1 23.2901 23.2901 45123047 45978340 ENSFCAG00000023114 EPHA6
C2 62561148 62820490 259342 19 34.03659474 40.8911 62217370 62871280 ENSFCAG00000004320 LSAMP
C2 71527476 71563890 36414 1 22.3544 22.3544 71522738 71643100 ENSFCAG00000029889 LRCH3
C2 77741792 77871832 130040 4 27.315675 32.5347 77679170 77796836 ENSFCAG00000043235 MB21D2
C2 77741792 77871832 130040 4 27.315675 32.5347 77853425 78409927 ENSFCAG00000025224 FGF12
C2 92479218 92623904 144686 5 23.83296 25.5134 92573635 92578970 ENSFCAG00000034655 NA
C2 123218357 123252302 33945 1 21.7208 21.7208 123205474 123271886 ENSFCAG00000022271 TRPC1
C2 132452988 132669894 216906 11 34.69839091 40.9335 132387467 132479492 ENSFCAG00000026667 ACAD11
C2 132452988 132669894 216906 11 34.69839091 40.9335 132500990 132628147 ENSFCAG00000003874 DNAJC13
C2 133657379 133684952 27573 1 21.8957 21.8957 133655037 133922075 ENSFCAG00000001171 NEK11
D1 27593630 27675052 81422 4 23.439575 24.4872 27644373 27681662 ENSFCAG00000032007 SNX19
D1 29555995 29601998 46003 2 24.65515 24.6748 29119462 30190515 ENSFCAG00000001808 OPCML
D1 30175006 30267762 92756 3 23.81973333 24.3248 29119462 30190515 ENSFCAG00000001808 OPCML
D1 67464468 67681829 217361 9 23.99558889 28.3826 67584644 67593560 ENSFCAG00000008413 C11orf16
D1 67464468 67681829 217361 9 23.99558889 28.3826 67597387 67597932 ENSFCAG00000008414 ASCL3
D1 67464468 67681829 217361 9 23.99558889 28.3826 67576582 67584683 ENSFCAG00000006543 AKIP1
D1 67464468 67681829 217361 9 23.99558889 28.3826 67602528 67619485 ENSFCAG00000036266 TMEM9B
D1 67464468 67681829 217361 9 23.99558889 28.3826 67671246 67735149 ENSFCAG00000015237 SCUBE2
D1 67464468 67681829 217361 9 23.99558889 28.3826 67632035 67656708 ENSFCAG00000031844 NRIP3
D1 67936561 68089924 153363 5 25.94144 30.3952 68046829 68103865 ENSFCAG00000002342 ZNF143
D1 67936561 68089924 153363 5 25.94144 30.3952 67991542 68038922 ENSFCAG00000030327 IPO7
D1 78703369 78735887 32518 2 23.1397 23.89 78178995 79066844 ENSFCAG00000001799 NELL1
D1 78745662 78868766 123104 11 25.67578182 28.5265 78178995 79066844 ENSFCAG00000001799 NELL1
D1 86837712 87058197 220485 15 29.43488 38.4439 86725348 86900880 ENSFCAG00000001706 MPPED2
D1 87088641 87192942 104301 6 23.68638333 27.2503 87136135 87615430 ENSFCAG00000007915 NA
D2 16654648 16955927 301279 34 41.66802647 59.7659 16909608 17065406 ENSFCAG00000002499 DISC1
D2 33372268 33478333 106065 10 24.99587 27.1733 33377189 33384265 ENSFCAG00000001230 NODAL
D2 33372268 33478333 106065 10 24.99587 27.1733 33411092 33486279 ENSFCAG00000001231 PALD1
D2 43559612 43651522 91910 6 27.06858333 30.2718 42897445 43960461 ENSFCAG00000014132 NRG3
D2 43664937 43692108 27171 1 21.7069 21.7069 42897445 43960461 ENSFCAG00000014132 NRG3
D2 46633174 46752934 119760 8 23.574875 25.4744 45989610 46686676 ENSFCAG00000011060 GRID1
D3 58258309 58503645 245336 27 31.83146667 42.0475 58278338 58466783 ENSFCAG00000011492 DTNA
D3 58713678 59219229 505551 25 32.971176 46.1843 58787512 58801079 ENSFCAG00000023533 ZNF397
D3 58713678 59219229 505551 25 32.971176 46.1843 59069422 59070257 ENSFCAG00000034299 NA
D3 58713678 59219229 505551 25 32.971176 46.1843 58799052 58804801 ENSFCAG00000033158 ZSCAN30
D3 58713678 59219229 505551 25 32.971176 46.1843 58810220 58832814 ENSFCAG00000040086 NA
D3 58713678 59219229 505551 25 32.971176 46.1843 58875423 58886151 ENSFCAG00000003290 ZNF396
D3 58713678 59219229 505551 25 32.971176 46.1843 58846367 58857408 ENSFCAG00000038036 ZNF24
D3 58713678 59219229 505551 25 32.971176 46.1843 58961992 58983593 ENSFCAG00000003291 INO80C
D3 58713678 59219229 505551 25 32.971176 46.1843 59102485 59182719 ENSFCAG00000027087 GALNT1
D3 76599066 76744831 145765 9 24.09244444 27.4581 76723868 76724110 ENSFCAG00000038219 NA
D3 76599066 76744831 145765 9 24.09244444 27.4581 76372871 76723113 ENSFCAG00000014682 TCF4
D4 24477257 24520820 43563 3 22.82056667 24.0604 24346061 24666200 ENSFCAG00000023456 FRMD3
D4 30402157 30462561 60404 1 24.3993 24.3993 30425003 30451261 ENSFCAG00000015587 ZNF367
D4 30402157 30462561 60404 1 24.3993 24.3993 30358689 30422602 ENSFCAG00000015586 NA
D4 36123638 36149779 26141 1 23.1308 23.1308 35801594 36223725 ENSFCAG00000024457 PTPRD
D4 57307336 57353164 45828 1 26.1848 26.1848 57306553 57335952 ENSFCAG00000008730 SMU1
D4 57307336 57353164 45828 1 26.1848 26.1848 57352603 57410186 ENSFCAG00000031666 B4GALT1
D4 58675694 58955630 279936 6 29.14955 32.9632 58841222 58845233 ENSFCAG00000044063 C9orf131
D4 58675694 58955630 279936 6 29.14955 32.9632 58869099 58876059 ENSFCAG00000044117 FANCG
D4 58675694 58955630 279936 6 29.14955 32.9632 58891718 58895030 ENSFCAG00000001123 STOML2
D4 58675694 58955630 279936 6 29.14955 32.9632 58914728 58915117 ENSFCAG00000040016 NA
D4 58675694 58955630 279936 6 29.14955 32.9632 58766732 58792112 ENSFCAG00000029774 PHF24
D4 58675694 58955630 279936 6 29.14955 32.9632 58799412 58808189 ENSFCAG00000001106 DNAJB5
D4 58675694 58955630 279936 6 29.14955 32.9632 58852287 58867813 ENSFCAG00000001112 VCP
D4 58675694 58955630 279936 6 29.14955 32.9632 58879651 58887877 ENSFCAG00000001120 PIGO
D4 58675694 58955630 279936 6 29.14955 32.9632 58897059 58907299 ENSFCAG00000001125 FAM214B
D4 58675694 58955630 279936 6 29.14955 32.9632 58924298 59162036 ENSFCAG00000012434 UNC13B
D4 67393799 67423476 29677 1 21.8541 21.8541 67423128 67487439 ENSFCAG00000002327 SMC2
D4 78534570 78553881 19311 2 22.0554 22.4215 78095875 79013642 ENSFCAG00000011484 ASTN2
D4 87886570 87989959 103389 8 34.0060125 40.2565 87732240 87958960 ENSFCAG00000008696 RALGPS1
E1 24632451 24853938 221487 16 35.00834375 43.9907 24629058 24637098 ENSFCAG00000007033 DHRS11
E1 24632451 24853938 221487 16 35.00834375 43.9907 24680706 24682211 ENSFCAG00000026395 PIGW
E1 24632451 24853938 221487 16 35.00834375 43.9907 24716091 24716216 ENSFCAG00000041062 NA
E1 24632451 24853938 221487 16 35.00834375 43.9907 24686415 24715225 ENSFCAG00000011616 MYO19
E1 24632451 24853938 221487 16 35.00834375 43.9907 24636968 24674191 ENSFCAG00000007032 GGNBP2
E2 369149 435468 66319 3 22.951 24.364 385616 391916 ENSFCAG00000034735 ZNF132
E2 369149 435468 66319 3 22.951 24.364 409534 429657 ENSFCAG00000031378 ZNF584
E3 8760247 8866742 106495 13 32.35076923 36.9961 8642104 9021382 ENSFCAG00000034298 NA
E3 10573194 10695087 121893 8 32.0204625 41.4244 10625120 10625488 ENSFCAG00000040567 NA
E3 10573194 10695087 121893 8 32.0204625 41.4244 10581315 10609784 ENSFCAG00000009702 LIMK1
E3 10573194 10695087 121893 8 32.0204625 41.4244 10647213 10670883 ENSFCAG00000029386 EIF4H
E3 10573194 10695087 121893 8 32.0204625 41.4244 10681557 10688058 ENSFCAG00000009704 LAT2
E3 10573194 10695087 121893 8 32.0204625 41.4244 10692876 10712583 ENSFCAG00000009705 RFC2
E3 10729579 10747915 18336 1 22.2474 22.2474 10739713 10818750 ENSFCAG00000006550 CLIP2
E3 10774286 10805057 30771 3 26.60216667 27.9863 10739713 10818750 ENSFCAG00000006550 CLIP2
F1 13103250 13268693 165443 19 29.70766316 43.9013 13210012 13213171 ENSFCAG00000029190 NA
F1 17145552 17203392 57840 2 23.27175 23.4322 17201587 17213083 ENSFCAG00000041001 TNFSF18
F1 47370499 47435738 65239 3 28.1746 29.138 47129140 47492053 ENSFCAG00000030400 KCNT2
F2 46093411 46175021 81610 3 26.885 29.2413 46121204 46179417 ENSFCAG00000022136 MTDH
F2 46422271 46545066 122795 9 23.8383 26.9296 46452506 46456528 ENSFCAG00000002165 NA
F2 46422271 46545066 122795 9 23.8383 26.9296 46498761 46512789 ENSFCAG00000002167 RIDA
F2 46422271 46545066 122795 9 23.8383 26.9296 46465594 46489551 ENSFCAG00000041699 NA
F2 46422271 46545066 122795 9 23.8383 26.9296 46311388 46447667 ENSFCAG00000002164 MATN2
F2 46422271 46545066 122795 9 23.8383 26.9296 46513935 46547315 ENSFCAG00000002168 POP1
F2 54797200 54907162 109962 5 28.50782 35.1481 54585833 54830740 ENSFCAG00000045651 ANGPT1
