chr	start	end	windows	mean_lassi	max_lassi
A1	23752678	23832776	2	25.0932	25.2865
A1	23865909	23938235	2	22.57755	22.7879
A1	23945960	24227911	20	30.808625	38.4289
A1	25029756	25235366	14	34.32773571	48.2313
A1	35033129	35275377	10	33.60224	40.2745
A1	43405309	43594591	7	23.68978571	26.0951
A1	53408062	53595843	5	31.53024	41.0371
A1	54450342	54515213	1	22.1463	22.1463
A1	58042152	58292190	11	29.60298182	34.8736
A1	59570195	59698866	4	25.809175	28.2989
A1	72120813	72349284	13	34.30936154	38.4467
A1	80151548	80307009	14	29.1049	34.3543
A1	80902839	81023286	8	25.4587875	29.1927
A1	82049750	82103807	2	23.2449	23.4502
A1	82353161	82650989	27	27.87736296	33.0278
A1	82923668	83096084	7	25.59047143	31.5096
A1	86033099	86233517	4	27.984575	29.4571
A1	88241139	88368929	2	22.50925	22.6007
A1	92514489	92915029	13	30.17106923	45.6666
A1	94186347	94260542	2	26.484	27.0278
A1	98902200	98983248	1	21.7192	21.7192
A1	98952745	99051126	2	22.97535	23.7571
A1	108706098	108774635	2	23.0642	23.662
A1	108758961	108849961	2	22.7685	23.3995
A1	110699833	110838159	3	26.73113333	29.9019
A1	116649735	116817932	3	27.98036667	31.0636
A1	116831549	116967191	2	24.7011	25.9387
A1	123263050	123366905	3	24.1105	24.3022
A1	127078585	127198645	3	31.5528	36.353
A1	127245531	127393303	4	25.8326	30.8501
A1	127621912	127967523	17	51.39467647	75.1964
A1	129299410	129397872	3	22.25206667	22.6332
A1	131419410	131570710	5	32.09314	37.451
A1	135338185	135433316	1	22.87	22.87
A1	142110088	142291893	6	31.59716667	36.7959
A1	149869256	150096480	9	33.62541111	39.73
A1	151161705	151250910	1	22.7367	22.7367
A1	154309037	154410175	2	28.9114	29.0874
A1	155298539	155384125	1	21.812	21.812
A1	155384397	155464602	3	22.88956667	23.8461
A1	159975644	160229618	9	27.39495556	35.849
A1	160289541	160378314	1	22.2837	22.2837
A1	161073158	161356995	16	44.45269375	54.6307
A1	163690741	163947698	11	25.28206364	31.7814
A1	169989706	170129993	7	23.29328571	24.0388
A1	170317361	170532726	9	28.05787778	30.9208
A1	170838651	171132201	12	30.680975	38.0008
A1	171500231	171823443	14	25.51383571	27.5342
A1	185851683	185930313	2	22.7289	23.3416
A1	191814906	191889263	1	22.5931	22.5931
A1	231335869	231414972	2	22.27605	22.5458
A2	27392053	27501151	3	22.1064	22.3092
A2	27685076	27766900	3	22.81966667	23.5234
A2	27748325	27845607	4	25.205175	27.3593
A2	48301161	48444949	5	26.79586	28.3006
A2	64894245	64958360	3	23.61116667	24.3128
A2	64978841	65096795	8	25.1685625	28.1403
A2	83829770	83917524	1	22.0595	22.0595
A2	85362166	85615383	12	25.39288333	27.4903
A2	87269845	87557003	13	33.6599	46.6803
A2	92599640	92679305	2	22.40105	22.4046
A2	94416035	94862151	28	27.14651786	36.1701
A2	97943211	98233955	7	28.24297143	32.8132
A2	130552680	130690631	6	24.28325	24.983
A2	131613058	131746712	5	25.69956	27.559
A2	136412681	136753452	14	31.70068571	43.3693
A2	140679126	140744271	2	23.5572	25.3844
A3	25128256	25231267	1	23.6293	23.6293
A3	39766486	39858603	2	23.0954	23.1307
A3	48015424	48183235	8	25.2949625	30.17
A3	48211926	48270641	2	22.70615	22.7143
A3	49107480	49406501	12	30.054775	40.3207
A3	50698147	50854362	19	25.52202105	26.9788
A3	53330399	53555754	5	25.14016	29.5246
A3	53554688	54235747	41	27.9144122	35.7248
A3	67682901	67858267	5	26.48818	29.4482
A3	73099448	73462437	16	33.69386875	40.3934
A3	74134944	74252942	7	26.1578	27.2853
A3	75053783	75155147	2	22.29855	22.6255
A3	75595226	75763374	8	28.1205	32.8631
A3	99878881	99981559	2	21.9051	21.9616
A3	105812267	105922624	3	24.6369	26.9481
A3	106226858	106356556	10	28.9189	31.4091
A3	106351310	106599902	18	27.16148333	34.0714
A3	106662753	106733794	2	22.3664	22.7373
A3	126841000	126924452	1	23.5985	23.5985
A3	143157610	143202405	2	25.20815	25.4988
B1	36911526	37756592	37	52.11983514	97.1419
B1	40766874	41055872	6	27.88316667	32.4414
B1	42056028	42378688	11	40.80929091	53.9075
B1	79034587	79123118	2	22.8619	23.4152
B1	79141645	79225755	1	22.0297	22.0297
B1	96894653	97131851	14	29.11795714	33.785
B1	97987399	98141181	3	23.52783333	23.9198
B1	100371622	100447502	1	22.8905	22.8905
B1	101599374	101705132	4	23.037325	23.4314
B1	110351363	110689014	13	33.11880769	43.012
B1	110732205	110802680	1	22.219	22.219
B1	124203634	124524969	21	32.75917619	40.543
B1	125065799	125136795	1	23.159	23.159
B1	126263557	126391729	4	23.542175	25.6213
B1	126702914	127070103	19	28.05031579	33.5685
B1	130272757	130375055	4	23.4947	24.9078
B1	143357012	143449030	2	24.5543	25.4035
B1	160328771	160535463	9	25.42395556	27.7653
B1	161700495	162109215	29	46.36048966	70.406
B1	200123258	200256590	10	30.40886	38.8324
B1	200231125	200290463	1	21.7131	21.7131
B2	21963010	22124363	9	24.1605	29.5151
B2	39161294	39396586	10	43.3831	58.1989
B2	40176352	40297287	5	24.53486	26.8076
B2	40267840	40356103	3	23.84573333	25.9944
B2	45897520	46038480	5	24.87518	27.5577
B2	46027492	46102027	1	24.4097	24.4097
B2	54930927	55084571	7	23.30068571	24.3873
B2	56569416	56636185	1	22.3818	22.3818
B2	56604566	56666906	1	21.8216	21.8216
B2	63763497	63895666	4	25.780825	28.1549
B2	63870703	63939407	1	24.2701	24.2701
B2	65120346	65203786	2	24.309	26.4814
B2	77618546	77713690	2	24.2047	26.5532
B2	78829433	78921309	2	22.00675	22.2352
B2	87372795	87691451	17	46.37591765	62.1757
B2	88327897	88549145	10	24.18509	28.1663
B2	88670826	88775317	3	24.64036667	26.3363
B2	89107887	89280925	7	23.55294286	27.195
B2	90161131	90235216	1	23.2268	23.2268
B2	91090820	91369072	14	29.15554286	35.5957
B2	97343576	97406612	1	24.0821	24.0821
B3	24076424	24514140	9	32.30443333	35.3301
B3	27026369	27308718	8	29.09595	36.3463
B3	27295662	27360291	1	24.0086	24.0086
B3	27473169	27615814	3	23.91086667	24.181
B3	27790356	27916415	2	22.16355	22.1657
B3	31993190	32073520	1	22.9886	22.9886
B3	53272976	53539221	11	37.03541818	47.673
B3	56613641	56713665	2	23.06085	24.131
B3	56685672	56764852	6	22.6224	23.658
B3	56748264	56830539	1	21.8903	21.8903
B3	65792399	65862232	1	22.3407	22.3407
B3	67091705	67363411	13	30.72345385	37.7302
B3	78744435	78921715	4	23.722	24.3959
B3	79877842	79965166	3	26.2828	28.5426
B3	89735053	89832666	1	22.6777	22.6777
B3	89891332	89994286	1	22.6351	22.6351
B3	90996736	91101369	4	23.7771	25.2094
B3	98825480	98942518	3	23.22486667	24.2188
B3	114748937	114851579	1	21.8181	21.8181
B3	115961877	116043830	1	22.4513	22.4513
B4	52434649	52589420	4	26.522075	28.273
B4	55727085	55936888	12	23.81476667	25.3514
B4	56616159	56880967	30	32.00642333	41.0971
B4	56874374	57078266	22	28.36565	36.5283
B4	57598657	57706795	3	26.11096667	28.0947
B4	94544807	94627228	1	24.2815	24.2815
B4	94598419	94669223	2	24.59675	24.9692
B4	101909110	101984667	1	26.4814	26.4814
B4	102466109	102545277	1	21.7148	21.7148
C1	38919639	39137805	10	25.57767	27.9123
C1	47485835	47699287	16	33.0260875	42.4554
C1	62769118	63011197	6	25.29571667	31.4105
C1	70453497	70520042	1	21.8293	21.8293
C1	70506656	70832264	19	29.8579	42.7382
C1	79404840	79593737	4	27.2779	29.7458
C1	88198770	88398944	11	29.62753636	34.4865
C1	88391474	88461967	1	22.9779	22.9779
C1	89350354	89429510	1	22.126	22.126
C1	99534337	99596597	1	23.645	23.645
C1	99673089	99776245	6	25.98685	27.3552
C1	106079023	106358585	10	26.02149	28.4064
C1	110974803	111069462	2	22.34375	22.3462
C1	112385110	112563065	8	29.352675	36.669
C1	112527366	112665954	4	24.1518	28.2574
C1	112962610	113085158	3	27.7973	31.2231
C1	115283983	115567065	12	26.647375	30.9437
C1	115551892	115664862	4	23.2612	23.7059
C1	116355869	116448203	3	23.37303333	24.0629
C1	128387080	128646321	19	31.83490526	42.7058
C1	129492517	129594544	1	24.1468	24.1468
C1	130575754	130833806	15	25.94655333	29.5504
C1	133882881	134043167	4	22.745925	24.3711
C1	134030292	134119793	2	24.01785	24.0209
C1	136254722	136423751	7	25.26144286	29.6106
C1	143879682	143969249	2	25.0323	25.6879
C1	148326612	148430589	4	23.93095	24.8833
C1	161310019	161437819	2	22.61665	22.7279
C1	187765448	188030909	8	28.8641125	34.8809
C1	199165670	199305406	4	23.3697	24.0826
C2	38429409	38496114	1	24.1373	24.1373
C2	45541108	45611957	1	23.2901	23.2901
C2	56653221	56920261	12	26.87534167	31.1839
C2	61725176	61848947	2	28.10745	28.1982
C2	62541148	62840490	19	34.03659474	40.8911
C2	71507476	71583890	1	22.3544	22.3544
C2	77721792	77891832	4	27.315675	32.5347
C2	92459218	92643904	5	23.83296	25.5134
C2	93915373	94060956	4	24.4001	26.5798
C2	123198357	123272302	1	21.7208	21.7208
C2	132432988	132689894	11	34.69839091	40.9335
C2	133637379	133704952	1	21.8957	21.8957
D1	4986420	5082801	5	25.61338	28.5141
D1	27573630	27695052	4	23.439575	24.4872
D1	29535995	29621998	2	24.65515	24.6748
D1	30155006	30287762	3	23.81973333	24.3248
D1	38961310	39065986	3	22.30153333	22.7663
D1	67444468	67701829	9	23.99558889	28.3826
D1	67916561	68109924	5	25.94144	30.3952
D1	78683369	78755887	2	23.1397	23.89
D1	78725662	78888766	11	25.67578182	28.5265
D1	86817712	87078197	15	29.43488	38.4439
D1	87068641	87212942	6	23.68638333	27.2503
D2	16634648	16975927	34	41.66802647	59.7659
D2	33352268	33498333	10	24.99587	27.1733
D2	43539612	43671522	6	27.06858333	30.2718
D2	43644937	43712108	1	21.7069	21.7069
D2	46613174	46772934	8	23.574875	25.4744
D3	58238309	58523645	27	31.83146667	42.0475
D3	58693678	59239229	25	32.971176	46.1843
D3	63780400	63841496	1	22.8447	22.8447
D3	76579066	76764831	9	24.09244444	27.4581
D3	77019677	77110500	2	24.75635	25.6446
D3	77120753	77591651	36	45.47441667	70.2336
D4	24457257	24540820	3	22.82056667	24.0604
D4	30382157	30482561	1	24.3993	24.3993
D4	35421776	35729249	13	33.6081	44.4109
D4	36103638	36169779	1	23.1308	23.1308
D4	37840172	37937726	2	23.44605	24.3994
D4	37939978	38061568	4	23.277725	24.8872
D4	39014893	39087047	2	23.53845	24.6691
D4	57287336	57373164	1	26.1848	26.1848
D4	58655694	58975630	6	29.14955	32.9632
D4	65961116	66068858	4	22.9641	23.4203
D4	67289055	67372603	2	23.651	23.7027
D4	67373799	67443476	1	21.8541	21.8541
D4	77287379	77545037	11	37.2116	49.0233
D4	78514570	78573881	2	22.0554	22.4215
D4	87866570	88009959	8	34.0060125	40.2565
E1	24612451	24873938	16	35.00834375	43.9907
E2	349149	455468	3	22.951	24.364
E2	23651329	23935618	18	50.97546667	60.5787
E2	25933418	26142494	27	31.87174444	41.0558
E2	26115231	26249385	2	24.69115	25.5403
E2	26519942	26784565	6	23.99441667	26.7579
E2	38026624	38171436	4	24.531075	26.9922
E2	38161674	38237574	1	22.0609	22.0609
E3	8740247	8886742	13	32.35076923	36.9961
E3	10553194	10715087	8	32.0204625	41.4244
E3	10709579	10767915	1	22.2474	22.2474
E3	10754286	10825057	3	26.60216667	27.9863
E3	19778591	20021311	10	48.88294	49.4277
F1	13083250	13288693	19	29.70766316	43.9013
F1	17125552	17223392	2	23.27175	23.4322
F1	47350499	47455738	3	28.1746	29.138
F1	54247264	54336919	2	23.8891	23.9227
F2	27344393	27421493	1	22.7054	22.7054
F2	46073411	46195021	3	26.885	29.2413
F2	46402271	46565066	9	23.8383	26.9296
F2	54777200	54927162	5	28.50782	35.1481
F2	57700471	57810733	3	25.2914	26.4628
