chr	start	end	size	windows	mean_lassi	max_lassi
A1	23772678	23812776	40098	2	25.0932	25.2865
A1	23885909	23918235	32326	2	22.57755	22.7879
A1	23965960	24207911	241951	20	30.808625	38.4289
A1	25049756	25215366	165610	14	34.32773571	48.2313
A1	35053129	35255377	202248	10	33.60224	40.2745
A1	43425309	43574591	149282	7	23.68978571	26.0951
A1	53428062	53575843	147781	5	31.53024	41.0371
A1	54470342	54495213	24871	1	22.1463	22.1463
A1	58062152	58272190	210038	11	29.60298182	34.8736
A1	59590195	59678866	88671	4	25.809175	28.2989
A1	72140813	72329284	188471	13	34.30936154	38.4467
A1	80171548	80287009	115461	14	29.1049	34.3543
A1	80922839	81003286	80447	8	25.4587875	29.1927
A1	82069750	82083807	14057	2	23.2449	23.4502
A1	82373161	82630989	257828	27	27.87736296	33.0278
A1	82943668	83076084	132416	7	25.59047143	31.5096
A1	86053099	86213517	160418	4	27.984575	29.4571
A1	88261139	88348929	87790	2	22.50925	22.6007
A1	92534489	92895029	360540	13	30.17106923	45.6666
A1	94206347	94240542	34195	2	26.484	27.0278
A1	98922200	98963248	41048	1	21.7192	21.7192
A1	98972745	99031126	58381	2	22.97535	23.7571
A1	108726098	108754635	28537	2	23.0642	23.662
A1	108778961	108829961	51000	2	22.7685	23.3995
A1	110719833	110818159	98326	3	26.73113333	29.9019
A1	116669735	116797932	128197	3	27.98036667	31.0636
A1	116851549	116947191	95642	2	24.7011	25.9387
A1	123283050	123346905	63855	3	24.1105	24.3022
A1	127098585	127178645	80060	3	31.5528	36.353
A1	127265531	127373303	107772	4	25.8326	30.8501
A1	127641912	127947523	305611	17	51.39467647	75.1964
A1	129319410	129377872	58462	3	22.25206667	22.6332
A1	131439410	131550710	111300	5	32.09314	37.451
A1	135358185	135413316	55131	1	22.87	22.87
A1	142130088	142271893	141805	6	31.59716667	36.7959
A1	149889256	150076480	187224	9	33.62541111	39.73
A1	151181705	151230910	49205	1	22.7367	22.7367
A1	154329037	154390175	61138	2	28.9114	29.0874
A1	155318539	155364125	45586	1	21.812	21.812
A1	155404397	155444602	40205	3	22.88956667	23.8461
A1	159995644	160209618	213974	9	27.39495556	35.849
A1	160309541	160358314	48773	1	22.2837	22.2837
A1	161093158	161336995	243837	16	44.45269375	54.6307
A1	163710741	163927698	216957	11	25.28206364	31.7814
A1	170009706	170109993	100287	7	23.29328571	24.0388
A1	170337361	170512726	175365	9	28.05787778	30.9208
A1	170858651	171112201	253550	12	30.680975	38.0008
A1	171520231	171803443	283212	14	25.51383571	27.5342
A1	185871683	185910313	38630	2	22.7289	23.3416
A1	191834906	191869263	34357	1	22.5931	22.5931
A1	231355869	231394972	39103	2	22.27605	22.5458
A2	27412053	27481151	69098	3	22.1064	22.3092
A2	27705076	27746900	41824	3	22.81966667	23.5234
A2	27768325	27825607	57282	4	25.205175	27.3593
A2	48321161	48424949	103788	5	26.79586	28.3006
A2	64914245	64938360	24115	3	23.61116667	24.3128
A2	64998841	65076795	77954	8	25.1685625	28.1403
A2	83849770	83897524	47754	1	22.0595	22.0595
A2	85382166	85595383	213217	12	25.39288333	27.4903
A2	87289845	87537003	247158	13	33.6599	46.6803
A2	92619640	92659305	39665	2	22.40105	22.4046
A2	94436035	94842151	406116	28	27.14651786	36.1701
A2	97963211	98213955	250744	7	28.24297143	32.8132
A2	130572680	130670631	97951	6	24.28325	24.983
A2	131633058	131726712	93654	5	25.69956	27.559
A2	136432681	136733452	300771	14	31.70068571	43.3693
A2	140699126	140724271	25145	2	23.5572	25.3844
A3	25148256	25211267	63011	1	23.6293	23.6293
A3	39786486	39838603	52117	2	23.0954	23.1307
A3	48035424	48163235	127811	8	25.2949625	30.17
A3	48231926	48250641	18715	2	22.70615	22.7143
A3	49127480	49386501	259021	12	30.054775	40.3207
A3	50718147	50834362	116215	19	25.52202105	26.9788
A3	53350399	53535754	185355	5	25.14016	29.5246
A3	53574688	54215747	641059	41	27.9144122	35.7248
A3	67702901	67838267	135366	5	26.48818	29.4482
A3	73119448	73442437	322989	16	33.69386875	40.3934
A3	74154944	74232942	77998	7	26.1578	27.2853
A3	75073783	75135147	61364	2	22.29855	22.6255
A3	75615226	75743374	128148	8	28.1205	32.8631
A3	99898881	99961559	62678	2	21.9051	21.9616
A3	105832267	105902624	70357	3	24.6369	26.9481
A3	106246858	106336556	89698	10	28.9189	31.4091
A3	106371310	106579902	208592	18	27.16148333	34.0714
A3	106682753	106713794	31041	2	22.3664	22.7373
A3	126861000	126904452	43452	1	23.5985	23.5985
A3	143177610	143199152	21542	2	25.20815	25.4988
B1	36931526	37736592	805066	37	52.11983514	97.1419
B1	40786874	41035872	248998	6	27.88316667	32.4414
B1	42076028	42358688	282660	11	40.80929091	53.9075
B1	79054587	79103118	48531	2	22.8619	23.4152
B1	79161645	79205755	44110	1	22.0297	22.0297
B1	96914653	97111851	197198	14	29.11795714	33.785
B1	98007399	98121181	113782	3	23.52783333	23.9198
B1	100391622	100427502	35880	1	22.8905	22.8905
B1	101619374	101685132	65758	4	23.037325	23.4314
B1	110371363	110669014	297651	13	33.11880769	43.012
B1	110752205	110782680	30475	1	22.219	22.219
B1	124223634	124504969	281335	21	32.75917619	40.543
B1	125085799	125116795	30996	1	23.159	23.159
B1	126283557	126371729	88172	4	23.542175	25.6213
B1	126722914	127050103	327189	19	28.05031579	33.5685
B1	130292757	130355055	62298	4	23.4947	24.9078
B1	143377012	143429030	52018	2	24.5543	25.4035
B1	160348771	160515463	166692	9	25.42395556	27.7653
B1	161720495	162089215	368720	29	46.36048966	70.406
B1	200143258	200236590	93332	10	30.40886	38.8324
B1	200251125	200270463	19338	1	21.7131	21.7131
B2	21983010	22104363	121353	9	24.1605	29.5151
B2	39181294	39376586	195292	10	43.3831	58.1989
B2	40196352	40277287	80935	5	24.53486	26.8076
B2	40287840	40336103	48263	3	23.84573333	25.9944
B2	45917520	46018480	100960	5	24.87518	27.5577
B2	46047492	46082027	34535	1	24.4097	24.4097
B2	54950927	55064571	113644	7	23.30068571	24.3873
B2	56589416	56616185	26769	1	22.3818	22.3818
B2	56624566	56646906	22340	1	21.8216	21.8216
B2	63783497	63875666	92169	4	25.780825	28.1549
B2	63890703	63919407	28704	1	24.2701	24.2701
B2	65140346	65183786	43440	2	24.309	26.4814
B2	77638546	77693690	55144	2	24.2047	26.5532
B2	78849433	78901309	51876	2	22.00675	22.2352
B2	87392795	87671451	278656	17	46.37591765	62.1757
B2	88347897	88529145	181248	10	24.18509	28.1663
B2	88690826	88755317	64491	3	24.64036667	26.3363
B2	89127887	89260925	133038	7	23.55294286	27.195
B2	90181131	90215216	34085	1	23.2268	23.2268
B2	91110820	91349072	238252	14	29.15554286	35.5957
B2	97363576	97386612	23036	1	24.0821	24.0821
B3	24096424	24494140	397716	9	32.30443333	35.3301
B3	27046369	27288718	242349	8	29.09595	36.3463
B3	27315662	27340291	24629	1	24.0086	24.0086
B3	27493169	27595814	102645	3	23.91086667	24.181
B3	27810356	27896415	86059	2	22.16355	22.1657
B3	32013190	32053520	40330	1	22.9886	22.9886
B3	53292976	53519221	226245	11	37.03541818	47.673
B3	56633641	56693665	60024	2	23.06085	24.131
B3	56705672	56744852	39180	6	22.6224	23.658
B3	56768264	56810539	42275	1	21.8903	21.8903
B3	65812399	65842232	29833	1	22.3407	22.3407
B3	67111705	67343411	231706	13	30.72345385	37.7302
B3	78764435	78901715	137280	4	23.722	24.3959
B3	79897842	79945166	47324	3	26.2828	28.5426
B3	89755053	89812666	57613	1	22.6777	22.6777
B3	89911332	89974286	62954	1	22.6351	22.6351
B3	91016736	91081369	64633	4	23.7771	25.2094
B3	98845480	98922518	77038	3	23.22486667	24.2188
B3	114768937	114831579	62642	1	21.8181	21.8181
B3	115981877	116023830	41953	1	22.4513	22.4513
B4	52454649	52569420	114771	4	26.522075	28.273
B4	55747085	55916888	169803	12	23.81476667	25.3514
B4	56636159	56860967	224808	30	32.00642333	41.0971
B4	56894374	57058266	163892	22	28.36565	36.5283
B4	57618657	57686795	68138	3	26.11096667	28.0947
B4	94564807	94607228	42421	1	24.2815	24.2815
B4	94618419	94649223	30804	2	24.59675	24.9692
B4	101929110	101964667	35557	1	26.4814	26.4814
B4	102486109	102525277	39168	1	21.7148	21.7148
C1	38939639	39117805	178166	10	25.57767	27.9123
C1	47505835	47679287	173452	16	33.0260875	42.4554
C1	62789118	62991197	202079	6	25.29571667	31.4105
C1	70473497	70500042	26545	1	21.8293	21.8293
C1	70526656	70812264	285608	19	29.8579	42.7382
C1	79424840	79573737	148897	4	27.2779	29.7458
C1	88218770	88378944	160174	11	29.62753636	34.4865
C1	88411474	88441967	30493	1	22.9779	22.9779
C1	89370354	89409510	39156	1	22.126	22.126
C1	99554337	99576597	22260	1	23.645	23.645
C1	99693089	99756245	63156	6	25.98685	27.3552
C1	106099023	106338585	239562	10	26.02149	28.4064
C1	110994803	111049462	54659	2	22.34375	22.3462
C1	112405110	112543065	137955	8	29.352675	36.669
C1	112547366	112645954	98588	4	24.1518	28.2574
C1	112982610	113065158	82548	3	27.7973	31.2231
C1	115303983	115547065	243082	12	26.647375	30.9437
C1	115571892	115644862	72970	4	23.2612	23.7059
C1	116375869	116428203	52334	3	23.37303333	24.0629
C1	128407080	128626321	219241	19	31.83490526	42.7058
C1	129512517	129574544	62027	1	24.1468	24.1468
C1	130595754	130813806	218052	15	25.94655333	29.5504
C1	133902881	134023167	120286	4	22.745925	24.3711
C1	134050292	134099793	49501	2	24.01785	24.0209
C1	136274722	136403751	129029	7	25.26144286	29.6106
C1	143899682	143949249	49567	2	25.0323	25.6879
C1	148346612	148410589	63977	4	23.93095	24.8833
C1	161330019	161417819	87800	2	22.61665	22.7279
C1	187785448	188010909	225461	8	28.8641125	34.8809
C1	199185670	199285406	99736	4	23.3697	24.0826
C2	38449409	38476114	26705	1	24.1373	24.1373
C2	45561108	45591957	30849	1	23.2901	23.2901
C2	56673221	56900261	227040	12	26.87534167	31.1839
C2	61745176	61828947	83771	2	28.10745	28.1982
C2	62561148	62820490	259342	19	34.03659474	40.8911
C2	71527476	71563890	36414	1	22.3544	22.3544
C2	77741792	77871832	130040	4	27.315675	32.5347
C2	92479218	92623904	144686	5	23.83296	25.5134
C2	93935373	94040956	105583	4	24.4001	26.5798
C2	123218357	123252302	33945	1	21.7208	21.7208
C2	132452988	132669894	216906	11	34.69839091	40.9335
C2	133657379	133684952	27573	1	21.8957	21.8957
D1	5006420	5062801	56381	5	25.61338	28.5141
D1	27593630	27675052	81422	4	23.439575	24.4872
D1	29555995	29601998	46003	2	24.65515	24.6748
D1	30175006	30267762	92756	3	23.81973333	24.3248
D1	38981310	39045986	64676	3	22.30153333	22.7663
D1	67464468	67681829	217361	9	23.99558889	28.3826
D1	67936561	68089924	153363	5	25.94144	30.3952
D1	78703369	78735887	32518	2	23.1397	23.89
D1	78745662	78868766	123104	11	25.67578182	28.5265
D1	86837712	87058197	220485	15	29.43488	38.4439
D1	87088641	87192942	104301	6	23.68638333	27.2503
D2	16654648	16955927	301279	34	41.66802647	59.7659
D2	33372268	33478333	106065	10	24.99587	27.1733
D2	43559612	43651522	91910	6	27.06858333	30.2718
D2	43664937	43692108	27171	1	21.7069	21.7069
D2	46633174	46752934	119760	8	23.574875	25.4744
D3	58258309	58503645	245336	27	31.83146667	42.0475
D3	58713678	59219229	505551	25	32.971176	46.1843
D3	63800400	63821496	21096	1	22.8447	22.8447
D3	76599066	76744831	145765	9	24.09244444	27.4581
D3	77039677	77090500	50823	2	24.75635	25.6446
D3	77140753	77571651	430898	36	45.47441667	70.2336
D4	24477257	24520820	43563	3	22.82056667	24.0604
D4	30402157	30462561	60404	1	24.3993	24.3993
D4	35441776	35709249	267473	13	33.6081	44.4109
D4	36123638	36149779	26141	1	23.1308	23.1308
D4	37860172	37917726	57554	2	23.44605	24.3994
D4	37959978	38041568	81590	4	23.277725	24.8872
D4	39034893	39067047	32154	2	23.53845	24.6691
D4	57307336	57353164	45828	1	26.1848	26.1848
D4	58675694	58955630	279936	6	29.14955	32.9632
D4	65981116	66048858	67742	4	22.9641	23.4203
D4	67309055	67352603	43548	2	23.651	23.7027
D4	67393799	67423476	29677	1	21.8541	21.8541
D4	77307379	77525037	217658	11	37.2116	49.0233
D4	78534570	78553881	19311	2	22.0554	22.4215
D4	87886570	87989959	103389	8	34.0060125	40.2565
E1	24632451	24853938	221487	16	35.00834375	43.9907
E2	369149	435468	66319	3	22.951	24.364
E2	23671329	23915618	244289	18	50.97546667	60.5787
E2	25953418	26122494	169076	27	31.87174444	41.0558
E2	26135231	26229385	94154	2	24.69115	25.5403
E2	26539942	26764565	224623	6	23.99441667	26.7579
E2	38046624	38151436	104812	4	24.531075	26.9922
E2	38181674	38217574	35900	1	22.0609	22.0609
E3	8760247	8866742	106495	13	32.35076923	36.9961
E3	10573194	10695087	121893	8	32.0204625	41.4244
E3	10729579	10747915	18336	1	22.2474	22.2474
E3	10774286	10805057	30771	3	26.60216667	27.9863
E3	19798591	20001311	202720	10	48.88294	49.4277
F1	13103250	13268693	165443	19	29.70766316	43.9013
F1	17145552	17203392	57840	2	23.27175	23.4322
F1	47370499	47435738	65239	3	28.1746	29.138
F1	54267264	54316919	49655	2	23.8891	23.9227
F2	27364393	27401493	37100	1	22.7054	22.7054
F2	46093411	46175021	81610	3	26.885	29.2413
F2	46422271	46545066	122795	9	23.8383	26.9296
F2	54797200	54907162	109962	5	28.50782	35.1481
F2	57720471	57790733	70262	3	25.2914	26.4628
