chr start end windows mean_lassi max_lassi gene_start gene_end ensembl_id gene_name
A1 23945960 24227911 20 30.808625 38.4289 24126260 24126895 ENSFCAG00000026862 NA
A1 25029756 25235366 14 34.32773571 48.2313 25215959 25286899 ENSFCAG00000018417 SIAH3
A1 25029756 25235366 14 34.32773571 48.2313 25000930 25100066 ENSFCAG00000004877 ZC3H13
A1 53408062 53595843 5 31.53024 41.0371 53385334 53468840 ENSFCAG00000000561 RBM26
A1 53408062 53595843 5 31.53024 41.0371 53534111 53602068 ENSFCAG00000025797 NDFIP2
A1 72120813 72349284 13 34.30936154 38.4467 72241242 72546565 ENSFCAG00000005326 NALCN
A1 80151548 80307009 14 29.1049 34.3543 80132371 80288946 ENSFCAG00000014784 COL4A1
A1 80151548 80307009 14 29.1049 34.3543 80289164 80462436 ENSFCAG00000014785 COL4A2
A1 80902839 81023286 8 25.4587875 29.1927 80953046 80968795 ENSFCAG00000031278 NA
A1 80902839 81023286 8 25.4587875 29.1927 80813873 80947740 ENSFCAG00000014533 ARHGEF7
A1 82049750 82103807 2 23.2449 23.4502 81974353 82096466 ENSFCAG00000014241 ATP11A
A1 82353161 82650989 27 27.87736296 33.0278 82576897 82583415 ENSFCAG00000005403 ATP4B
A1 82353161 82650989 27 27.87736296 33.0278 82591846 82607958 ENSFCAG00000006899 GRK1
A1 82353161 82650989 27 27.87736296 33.0278 82349958 82367246 ENSFCAG00000014247 LAMP1
A1 82353161 82650989 27 27.87736296 33.0278 82368526 82387129 ENSFCAG00000014248 GRTP1
A1 82353161 82650989 27 27.87736296 33.0278 82409267 82428025 ENSFCAG00000014249 NA
A1 82353161 82650989 27 27.87736296 33.0278 82461832 82512506 ENSFCAG00000014250 TMCO3
A1 82353161 82650989 27 27.87736296 33.0278 82618690 82657470 ENSFCAG00000006900 NA
A1 82353161 82650989 27 27.87736296 33.0278 82429910 82461515 ENSFCAG00000018528 NA
A1 82353161 82650989 27 27.87736296 33.0278 82535889 82576090 ENSFCAG00000005399 TFDP1
A1 82923668 83096084 7 25.59047143 31.5096 82946413 82961637 ENSFCAG00000040167 NA
A1 82923668 83096084 7 25.59047143 31.5096 82997392 83030903 ENSFCAG00000014600 CDC16
A1 82923668 83096084 7 25.59047143 31.5096 83042641 83063847 ENSFCAG00000014602 UPF3A
A1 86033099 86233517 4 27.984575 29.4571 86172696 86173628 ENSFCAG00000033384 NA
A1 88241139 88368929 2 22.50925 22.6007 88252093 88253364 ENSFCAG00000007130 GJC2
A1 88241139 88368929 2 22.50925 22.6007 88261876 88268983 ENSFCAG00000025872 GUK1
A1 88241139 88368929 2 22.50925 22.6007 88269095 88272898 ENSFCAG00000015199 MRPL55
A1 88241139 88368929 2 22.50925 22.6007 88274913 88276635 ENSFCAG00000022579 C1orf35
A1 88241139 88368929 2 22.50925 22.6007 88235567 88244596 ENSFCAG00000000672 IBA57
A1 88241139 88368929 2 22.50925 22.6007 88277870 88293491 ENSFCAG00000029374 ARF1
A1 88241139 88368929 2 22.50925 22.6007 88309953 88353376 ENSFCAG00000036791 WNT3A
A1 92514489 92915029 13 30.17106923 45.6666 92653047 92665286 ENSFCAG00000014700 SQSTM1
A1 92514489 92915029 13 30.17106923 45.6666 92688902 92692170 ENSFCAG00000019371 LTC4S
A1 92514489 92915029 13 30.17106923 45.6666 92808969 92810755 ENSFCAG00000004846 CBY3
A1 92514489 92915029 13 30.17106923 45.6666 92850961 92860447 ENSFCAG00000001204 HNRNPH1
A1 92514489 92915029 13 30.17106923 45.6666 92581611 92628937 ENSFCAG00000014707 TBC1D9B
A1 92514489 92915029 13 30.17106923 45.6666 92631799 92653127 ENSFCAG00000014705 NA
A1 92514489 92915029 13 30.17106923 45.6666 92678236 92687929 ENSFCAG00000014697 MGAT4B
A1 92514489 92915029 13 30.17106923 45.6666 92709512 92755056 ENSFCAG00000014693 MAML1
A1 92514489 92915029 13 30.17106923 45.6666 92729147 92790683 ENSFCAG00000022987 CANX
A1 92514489 92915029 13 30.17106923 45.6666 92850189 92925076 ENSFCAG00000001202 RUFY1
A1 92514489 92915029 13 30.17106923 45.6666 92437892 92570658 ENSFCAG00000014711 RNF130
A1 94186347 94260542 2 26.484 27.0278 93871089 94232263 ENSFCAG00000045286 COL23A1
A1 94186347 94260542 2 26.484 27.0278 94236106 94278385 ENSFCAG00000015542 PHYKPL
A1 108706098 108774635 2 23.0642 23.662 108692659 108710876 ENSFCAG00000027663 ISOC1
A1 110699833 110838159 3 26.73113333 29.9019 110634928 110825005 ENSFCAG00000001479 NA
A1 110699833 110838159 3 26.73113333 29.9019 110830760 110977674 ENSFCAG00000026363 FNIP1
A1 116649735 116817932 3 27.98036667 31.0636 116720770 116726245 ENSFCAG00000001707 WNT8A
A1 116649735 116817932 3 27.98036667 31.0636 116752432 116774611 ENSFCAG00000029470 NME5
A1 116649735 116817932 3 27.98036667 31.0636 116810678 116820903 ENSFCAG00000001710 KIF20A
A1 116649735 116817932 3 27.98036667 31.0636 116584667 116675758 ENSFCAG00000015549 FAM13B
A1 116649735 116817932 3 27.98036667 31.0636 116776335 116810259 ENSFCAG00000001709 BRD8
A1 116831549 116967191 2 24.7011 25.9387 116822221 116833359 ENSFCAG00000001711 NA
A1 116831549 116967191 2 24.7011 25.9387 116837764 116840443 ENSFCAG00000041343 NA
A1 116831549 116967191 2 24.7011 25.9387 116924714 116929548 ENSFCAG00000022610 NA
A1 116831549 116967191 2 24.7011 25.9387 116870936 116887585 ENSFCAG00000001712 GFRA3
A1 116831549 116967191 2 24.7011 25.9387 116930255 116940686 ENSFCAG00000001714 FAM53C
A1 116831549 116967191 2 24.7011 25.9387 116943985 117012501 ENSFCAG00000001715 KDM3B
A1 116831549 116967191 2 24.7011 25.9387 116894832 116924768 ENSFCAG00000031992 CDC25C
A1 123263050 123366905 3 24.1105 24.3022 123357106 123516949 ENSFCAG00000003768 PRELID2
A1 127245531 127393303 4 25.8326 30.8501 127318431 127395010 ENSFCAG00000014104 MAP3K1
A1 127621912 127967523 17 51.39467647 75.1964 127880003 127881133 ENSFCAG00000003001 ACTBL2
A1 127621912 127967523 17 51.39467647 75.1964 127625093 127701019 ENSFCAG00000025310 GPBP1
A1 129299410 129397872 3 22.25206667 22.6332 129266245 129321620 ENSFCAG00000027730 PDE4D
A1 129299410 129397872 3 22.25206667 22.6332 129333600 129488803 ENSFCAG00000045939 NA
A1 131419410 131570710 5 32.09314 37.451 131369372 131565089 ENSFCAG00000018889 ZSWIM6
A1 135338185 135433316 1 22.87 22.87 135307524 135397959 ENSFCAG00000024125 ERBIN
A1 142110088 142291893 6 31.59716667 36.7959 142087548 142110309 ENSFCAG00000000007 HMGCR
A1 142110088 142291893 6 31.59716667 36.7959 142221466 142298130 ENSFCAG00000001614 POLK
A1 142110088 142291893 6 31.59716667 36.7959 142116647 142221409 ENSFCAG00000031307 COL4A3BP
A1 149869256 150096480 9 33.62541111 39.73 149582263 149992100 ENSFCAG00000002497 EDIL3
A1 155298539 155384125 1 21.812 21.812 155202961 155768287 ENSFCAG00000012405 ADGRV1
A1 155384397 155464602 3 22.88956667 23.8461 155202961 155768287 ENSFCAG00000012405 ADGRV1
A1 159975644 160229618 9 27.39495556 35.849 160022734 160096700 ENSFCAG00000023599 ELL2
A1 161073158 161356995 16 44.45269375 54.6307 161223927 161245784 ENSFCAG00000024077 RIOK2
A1 161073158 161356995 16 44.45269375 54.6307 161022615 161108427 ENSFCAG00000004970 LNPEP
A1 161073158 161356995 16 44.45269375 54.6307 161160011 161220763 ENSFCAG00000036976 LIX1
A1 163690741 163947698 11 25.28206364 31.7814 163943878 163983506 ENSFCAG00000024243 FAM174A
A1 169989706 170129993 7 23.29328571 24.0388 169919685 170193525 ENSFCAG00000037704 EFNA5
A1 170317361 170532726 9 28.05787778 30.9208 170372726 170869196 ENSFCAG00000046291 FBXL17
A1 170838651 171132201 12 30.680975 38.0008 170372726 170869196 ENSFCAG00000046291 FBXL17
A1 171500231 171823443 14 25.51383571 27.5342 171723282 171771918 ENSFCAG00000013298 PJA2
A1 171500231 171823443 14 25.51383571 27.5342 171331923 171609369 ENSFCAG00000013296 NA
A2 27392053 27501151 3 22.1064 22.3092 27488358 28242600 ENSFCAG00000033312 FHIT
A2 27685076 27766900 3 22.81966667 23.5234 27488358 28242600 ENSFCAG00000033312 FHIT
A2 27748325 27845607 4 25.205175 27.3593 27488358 28242600 ENSFCAG00000033312 FHIT
A2 48301161 48444949 5 26.79586 28.3006 48335026 49210889 ENSFCAG00000029003 GRM7
A2 64894245 64958360 3 23.61116667 24.3128 64542043 64940217 ENSFCAG00000013084 ABCA13
A2 83829770 83917524 1 22.0595 22.0595 83870419 83870826 ENSFCAG00000036336 NA
A2 83829770 83917524 1 22.0595 22.0595 83895218 83959713 ENSFCAG00000003993 RSBN1L
A2 83829770 83917524 1 22.0595 22.0595 83727905 83832157 ENSFCAG00000005211 PTPN12
A2 85362166 85615383 12 25.39288333 27.4903 85611721 85613347 ENSFCAG00000023790 NA
A2 85362166 85615383 12 25.39288333 27.4903 84180535 85537279 ENSFCAG00000030754 MAGI2
A2 87269845 87557003 13 33.6599 46.6803 87533084 87533521 ENSFCAG00000044481 NA
A2 92599640 92679305 2 22.40105 22.4046 92531985 92714803 ENSFCAG00000007415 KIAA1324L
A2 94416035 94862151 28 27.14651786 36.1701 94255848 94772461 ENSFCAG00000008141 ZNF804B
A2 97943211 98233955 7 28.24297143 32.8132 98187612 98198768 ENSFCAG00000029344 SAMD9L
A2 97943211 98233955 7 28.24297143 32.8132 97716309 97964931 ENSFCAG00000045118 CDK6
A2 131613058 131746712 5 25.69956 27.559 131300993 132145412 ENSFCAG00000033257 IMMP2L
A2 136412681 136753452 14 31.70068571 43.3693 136488173 136497175 ENSFCAG00000023324 CAV2
A2 136412681 136753452 14 31.70068571 43.3693 136519383 136557497 ENSFCAG00000034785 CAV1
A2 136412681 136753452 14 31.70068571 43.3693 136687563 136746865 ENSFCAG00000009534 NA
A2 140679126 140744271 2 23.5572 25.3844 140673119 140737322 ENSFCAG00000023087 FAM3C
A3 25128256 25231267 1 23.6293 23.6293 25082218 25150240 ENSFCAG00000011037 ASIP
A3 39766486 39858603 2 23.0954 23.1307 39752942 39823716 ENSFCAG00000033400 NA
A3 48015424 48183235 8 25.2949625 30.17 48110497 48111660 ENSFCAG00000022777 SSTR4
A3 48015424 48183235 8 25.2949625 30.17 48125271 48127289 ENSFCAG00000011513 THBD
A3 48015424 48183235 8 25.2949625 30.17 48161376 48165225 ENSFCAG00000025238 CD93
A3 53330399 53555754 5 25.14016 29.5246 53458705 53526044 ENSFCAG00000001967 SEPT10
A3 53554688 54235747 41 27.9144122 35.7248 53595956 53958801 ENSFCAG00000029081 SH3RF3
A3 53554688 54235747 41 27.9144122 35.7248 54094888 54183861 ENSFCAG00000012594 EDAR
A3 53554688 54235747 41 27.9144122 35.7248 54224300 54360096 ENSFCAG00000030803 CCDC138
A3 67682901 67858267 5 26.48818 29.4482 67572155 67777214 ENSFCAG00000005101 SRBD1
A3 67682901 67858267 5 26.48818 29.4482 67817007 68320339 ENSFCAG00000005102 PRKCE
A3 75053783 75155147 2 22.29855 22.6255 75053801 75155968 ENSFCAG00000027866 PSME4
A3 75595226 75763374 8 28.1205 32.8631 75638333 75841147 ENSFCAG00000010592 SPTBN1
A3 105812267 105922624 3 24.6369 26.9481 105825988 105920267 ENSFCAG00000027305 ANAPC1
A3 106351310 106599902 18 27.16148333 34.0714 106468624 106517701 ENSFCAG00000036350 BCL2L11
A3 106351310 106599902 18 27.16148333 34.0714 106520975 106845381 ENSFCAG00000041937 ACOXL
A3 106662753 106733794 2 22.3664 22.7373 106520975 106845381 ENSFCAG00000041937 ACOXL
A3 126841000 126924452 1 23.5985 23.5985 126885390 126987144 ENSFCAG00000026226 LDAH
A3 143157610 143202405 2 25.20815 25.4988 143165976 143171170 ENSFCAG00000022925 FAM110C
B1 36911526 37756592 37 52.11983514 97.1419 37742955 37793627 ENSFCAG00000030368 LZTS1
B1 40766874 41055872 6 27.88316667 32.4414 40502900 41151370 ENSFCAG00000033051 PSD3
B1 42056028 42378688 11 40.80929091 53.9075 42224941 42235329 ENSFCAG00000045863 THAP1
B1 42056028 42378688 11 40.80929091 53.9075 42285303 42301317 ENSFCAG00000022358 CHRNA6
B1 42056028 42378688 11 40.80929091 53.9075 42059896 42169415 ENSFCAG00000025031 HOOK3
B1 42056028 42378688 11 40.80929091 53.9075 42169658 42215415 ENSFCAG00000028034 RNF170
B1 42056028 42378688 11 40.80929091 53.9075 42320651 42353856 ENSFCAG00000010080 CHRNB3
B1 79034587 79123118 2 22.8619 23.4152 79080222 79081301 ENSFCAG00000025743 MAB21L2
B1 79034587 79123118 2 22.8619 23.4152 78589286 79368345 ENSFCAG00000025294 LRBA
B1 79141645 79225755 1 22.0297 22.0297 78589286 79368345 ENSFCAG00000025294 LRBA
B1 97987399 98141181 3 23.52783333 23.9198 98102028 98161579 ENSFCAG00000027791 JADE1
B1 97987399 98141181 3 23.52783333 23.9198 97859019 98093529 ENSFCAG00000003448 SCLT1
B1 110732205 110802680 1 22.219 22.219 110760585 111014197 ENSFCAG00000013922 NDST4
B1 124203634 124524969 21 32.75917619 40.543 124197090 124214790 ENSFCAG00000036024 NA
B1 124203634 124524969 21 32.75917619 40.543 124424546 124487289 ENSFCAG00000029668 MTTP
B1 124203634 124524969 21 32.75917619 40.543 124487610 124510090 ENSFCAG00000029521 TRMT10A
B1 124203634 124524969 21 32.75917619 40.543 124522976 124557758 ENSFCAG00000004690 C4orf17
B1 124203634 124524969 21 32.75917619 40.543 124222923 124276987 ENSFCAG00000023422 DAPP1
B1 124203634 124524969 21 32.75917619 40.543 124362223 124412583 ENSFCAG00000022924 C4orf54
B1 130272757 130375055 4 23.4947 24.9078 129624584 131078058 ENSFCAG00000023738 GRID2
B1 143357012 143449030 2 24.5543 25.4035 143399850 143423597 ENSFCAG00000043055 PAQR3
B1 143357012 143449030 2 24.5543 25.4035 143422706 143555516 ENSFCAG00000002953 BMP2K
B1 161700495 162109215 29 46.36048966 70.406 161989061 162002401 ENSFCAG00000024100 NOA1
B1 161700495 162109215 29 46.36048966 70.406 161943245 161989101 ENSFCAG00000003905 POLR2B
B1 161700495 162109215 29 46.36048966 70.406 162016133 162039675 ENSFCAG00000046155 REST
B1 161700495 162109215 29 46.36048966 70.406 161873194 161946667 ENSFCAG00000025634 IGFBP7
B2 39161294 39396586 10 43.3831 58.1989 39085306 39409632 ENSFCAG00000010969 ZFAND3
B2 40176352 40297287 5 24.53486 26.8076 40262724 40297799 ENSFCAG00000006409 GLP1R
B2 40267840 40356103 3 23.84573333 25.9944 40313632 40320094 ENSFCAG00000032848 SAYSD1
B2 40267840 40356103 3 23.84573333 25.9944 40262724 40297799 ENSFCAG00000006409 GLP1R
B2 45897520 46038480 5 24.87518 27.5577 45502272 46032361 ENSFCAG00000009577 SUPT3H
B2 45897520 46038480 5 24.87518 27.5577 45989343 46319521 ENSFCAG00000041932 RUNX2
B2 46027492 46102027 1 24.4097 24.4097 45502272 46032361 ENSFCAG00000009577 SUPT3H
B2 46027492 46102027 1 24.4097 24.4097 45989343 46319521 ENSFCAG00000041932 RUNX2
B2 54930927 55084571 7 23.30068571 24.3873 55017476 55111858 ENSFCAG00000013437 FAM83B
B2 56569416 56636185 1 22.3818 22.3818 56519558 56891018 ENSFCAG00000028438 DST
B2 56604566 56666906 1 21.8216 21.8216 56519558 56891018 ENSFCAG00000028438 DST
B2 65120346 65203786 2 24.309 26.4814 65174697 65175747 ENSFCAG00000032942 NA
B2 65120346 65203786 2 24.309 26.4814 64708055 65433080 ENSFCAG00000002654 ADGRB3
B2 77618546 77713690 2 24.2047 26.5532 77593749 77784266 ENSFCAG00000031619 ME1
B2 87372795 87691451 17 46.37591765 62.1757 87476169 87476672 ENSFCAG00000034817 NA
B2 88327897 88549145 10 24.18509 28.1663 88477324 88478862 ENSFCAG00000030894 NA
B2 88670826 88775317 3 24.64036667 26.3363 88629374 88696824 ENSFCAG00000036280 MANEA
B2 89107887 89280925 7 23.55294286 27.195 89186756 89283940 ENSFCAG00000003297 FUT9
B2 90161131 90235216 1 23.2268 23.2268 90145901 90276490 ENSFCAG00000043637 MMS22L
B2 97343576 97406612 1 24.0821 24.0821 97333425 97461822 ENSFCAG00000044308 LIN28B
B3 24076424 24514140 9 32.30443333 35.3301 24421027 24492087 ENSFCAG00000027111 UBE3A
B3 27026369 27308718 8 29.09595 36.3463 26410509 27105232 ENSFCAG00000023805 GABRG3
B3 27473169 27615814 3 23.91086667 24.181 27381201 27877048 ENSFCAG00000000153 OCA2
B3 27790356 27916415 2 22.16355 22.1657 27381201 27877048 ENSFCAG00000000153 OCA2
B3 27790356 27916415 2 22.16355 22.1657 27887083 28167552 ENSFCAG00000000154 HERC2
B3 31993190 32073520 1 22.9886 22.9886 31984656 32014344 ENSFCAG00000037699 TSPAN3
B3 31993190 32073520 1 22.9886 22.9886 32055748 32243553 ENSFCAG00000026195 PEAK1
B3 56613641 56713665 2 23.06085 24.131 56702234 56838720 ENSFCAG00000006030 GALK2
B3 56613641 56713665 2 23.06085 24.131 56491935 56701828 ENSFCAG00000025633 FAM227B
B3 56613641 56713665 2 23.06085 24.131 56574515 56632865 ENSFCAG00000031568 FGF7
B3 56685672 56764852 6 22.6224 23.658 56702234 56838720 ENSFCAG00000006030 GALK2
B3 56685672 56764852 6 22.6224 23.658 56491935 56701828 ENSFCAG00000025633 FAM227B
B3 56748264 56830539 1 21.8903 21.8903 56702234 56838720 ENSFCAG00000006030 GALK2
B3 67091705 67363411 13 30.72345385 37.7302 67140422 67157002 ENSFCAG00000014523 TMCO5A
B3 67091705 67363411 13 30.72345385 37.7302 67172989 67176066 ENSFCAG00000029681 NA
B3 78744435 78921715 4 23.722 24.3959 78740501 78887835 ENSFCAG00000004226 NOVA1
B3 114748937 114851579 1 21.8181 21.8181 114732391 115361716 ENSFCAG00000013487 GPHN
B3 115961877 116043830 1 22.4513 22.4513 116004335 116005897 ENSFCAG00000033449 NA
B3 115961877 116043830 1 22.4513 22.4513 115964231 116537685 ENSFCAG00000007657 RAD51B
B4 55727085 55936888 12 23.81476667 25.3514 55884165 55949263 ENSFCAG00000000972 PDE3A
B4 56616159 56880967 30 32.00642333 41.0971 56780819 56781136 ENSFCAG00000039925 NA
B4 56616159 56880967 30 32.00642333 41.0971 56737536 56739299 ENSFCAG00000035338 NA
B4 57598657 57706795 3 26.11096667 28.0947 57538829 57662081 ENSFCAG00000012523 ABCC9
B4 94544807 94627228 1 24.2815 24.2815 94524587 94568664 ENSFCAG00000023558 CAND1
B4 101909110 101984667 1 26.4814 26.4814 101922106 101923275 ENSFCAG00000032023 PHLDA1
B4 101909110 101984667 1 26.4814 26.4814 101936859 101970404 ENSFCAG00000000279 NAP1L1
B4 102466109 102545277 1 21.7148 21.7148 102491215 102581606 ENSFCAG00000027034 ZDHHC17
C1 38919639 39137805 10 25.57767 27.9123 38921943 38969327 ENSFCAG00000000551 BEND5
C1 38919639 39137805 10 25.57767 27.9123 39002820 40175890 ENSFCAG00000043272 NA
C1 62769118 63011197 6 25.29571667 31.4105 62757561 62780020 ENSFCAG00000035340 TYW3
C1 79404840 79593737 4 27.2779 29.7458 79465391 79484842 ENSFCAG00000031097 TMED5
C1 79404840 79593737 4 27.2779 29.7458 79371568 79451761 ENSFCAG00000015025 MTF2
C1 79404840 79593737 4 27.2779 29.7458 79487286 79603619 ENSFCAG00000015028 CCDC18
C1 88198770 88398944 11 29.62753636 34.4865 88299002 88514345 ENSFCAG00000045165 COL11A1
C1 88391474 88461967 1 22.9779 22.9779 88299002 88514345 ENSFCAG00000045165 COL11A1
C1 99534337 99596597 1 23.645 23.645 99517256 99599568 ENSFCAG00000022423 SLC22A15
C1 99673089 99776245 6 25.98685 27.3552 99653311 99679593 ENSFCAG00000031670 MAB21L3
C1 106079023 106358585 10 26.02149 28.4064 106157305 106165389 ENSFCAG00000032352 BNIPL
C1 106079023 106358585 10 26.02149 28.4064 106165672 106167576 ENSFCAG00000041587 C1orf56
C1 106079023 106358585 10 26.02149 28.4064 106180991 106181263 ENSFCAG00000027874 MLLT11
C1 106079023 106358585 10 26.02149 28.4064 106252928 106253482 ENSFCAG00000005558 TNFAIP8L2
C1 106079023 106358585 10 26.02149 28.4064 106254002 106261521 ENSFCAG00000036601 LYSMD1
C1 106079023 106358585 10 26.02149 28.4064 106261747 106264457 ENSFCAG00000005560 SCNM1
C1 106079023 106358585 10 26.02149 28.4064 106266774 106281651 ENSFCAG00000005562 VPS72
C1 106079023 106358585 10 26.02149 28.4064 106332194 106344857 ENSFCAG00000042092 PSMD4
C1 106079023 106358585 10 26.02149 28.4064 106068072 106101001 ENSFCAG00000009655 SETDB1
C1 106079023 106358585 10 26.02149 28.4064 106100957 106111365 ENSFCAG00000009657 CERS2
C1 106079023 106358585 10 26.02149 28.4064 106115777 106125372 ENSFCAG00000009658 ANXA9
C1 106079023 106358585 10 26.02149 28.4064 106125981 106135836 ENSFCAG00000009660 MINDY1
C1 106079023 106358585 10 26.02149 28.4064 106137345 106156780 ENSFCAG00000044569 PRUNE1
C1 106079023 106358585 10 26.02149 28.4064 106182299 106219412 ENSFCAG00000033249 GABPB2
C1 106079023 106358585 10 26.02149 28.4064 106226325 106239713 ENSFCAG00000005557 SEMA6C
C1 106079023 106358585 10 26.02149 28.4064 106264794 106269704 ENSFCAG00000005561 TMOD4
C1 106079023 106358585 10 26.02149 28.4064 106168109 106175661 ENSFCAG00000043888 CDC42SE1
C1 106079023 106358585 10 26.02149 28.4064 106285564 106320461 ENSFCAG00000005563 PIP5K1A
C1 112962610 113085158 3 27.7973 31.2231 112936664 112983301 ENSFCAG00000042057 HS6ST1
C1 112962610 113085158 3 27.7973 31.2231 113033693 113148356 ENSFCAG00000001264 UGGT1
C1 116355869 116448203 3 23.37303333 24.0629 116130024 116959887 ENSFCAG00000011127 CNTNAP5
C1 128387080 128646321 19 31.83490526 42.7058 128238031 128529629 ENSFCAG00000015759 MGAT5
C1 128387080 128646321 19 31.83490526 42.7058 128535568 128773721 ENSFCAG00000045338 TMEM163
C1 129492517 129594544 1 24.1468 24.1468 129521769 129527512 ENSFCAG00000028173 NA
C1 129492517 129594544 1 24.1468 24.1468 129207461 129510547 ENSFCAG00000024830 ZRANB3
C1 129492517 129594544 1 24.1468 24.1468 129567549 129719305 ENSFCAG00000027113 R3HDM1
C1 130575754 130833806 15 25.94655333 29.5504 130808277 131553819 ENSFCAG00000013556 THSD7B
C1 133882881 134043167 4 22.745925 24.3711 133970333 133970500 ENSFCAG00000040768 NA
C1 133882881 134043167 4 22.745925 24.3711 133971241 135875522 ENSFCAG00000026584 LRP1B
C1 134030292 134119793 2 24.01785 24.0209 133971241 135875522 ENSFCAG00000026584 LRP1B
C1 161310019 161437819 2 22.61665 22.7279 161195709 161441729 ENSFCAG00000031648 UBR3
C1 187765448 188030909 8 28.8641125 34.8809 187826228 187834132 ENSFCAG00000030283 CLK1
C1 187765448 188030909 8 28.8641125 34.8809 188026489 188036671 ENSFCAG00000029710 NDUFB3
C1 187765448 188030909 8 28.8641125 34.8809 187788874 187799843 ENSFCAG00000025654 BZW1
C1 187765448 188030909 8 28.8641125 34.8809 187838670 187851322 ENSFCAG00000005373 NA
C1 187765448 188030909 8 28.8641125 34.8809 187853846 187875209 ENSFCAG00000041391 NIF3L1
C1 187765448 188030909 8 28.8641125 34.8809 187879274 187926293 ENSFCAG00000030533 ORC2
C1 187765448 188030909 8 28.8641125 34.8809 187939848 188026360 ENSFCAG00000018116 FAM126B
C1 187765448 188030909 8 28.8641125 34.8809 187683672 187768783 ENSFCAG00000026524 AOX1
C1 199165670 199305406 4 23.3697 24.0826 199063152 200068121 ENSFCAG00000015155 SPAG16
C2 38429409 38496114 1 24.1373 24.1373 37936379 38999288 ENSFCAG00000024507 CADM2
C2 45541108 45611957 1 23.2901 23.2901 45123047 45978340 ENSFCAG00000023114 EPHA6
C2 62541148 62840490 19 34.03659474 40.8911 62217370 62871280 ENSFCAG00000004320 LSAMP
C2 71507476 71583890 1 22.3544 22.3544 71470418 71521664 ENSFCAG00000019052 IQCG
C2 71507476 71583890 1 22.3544 22.3544 71522738 71643100 ENSFCAG00000029889 LRCH3
C2 77721792 77891832 4 27.315675 32.5347 77679170 77796836 ENSFCAG00000043235 MB21D2
C2 77721792 77891832 4 27.315675 32.5347 77853425 78409927 ENSFCAG00000025224 FGF12
C2 92459218 92643904 5 23.83296 25.5134 92573635 92578970 ENSFCAG00000034655 NA
C2 123198357 123272302 1 21.7208 21.7208 123205474 123271886 ENSFCAG00000022271 TRPC1
C2 132432988 132689894 11 34.69839091 40.9335 132435911 132436963 ENSFCAG00000003875 ACKR4
C2 132432988 132689894 11 34.69839091 40.9335 132387467 132479492 ENSFCAG00000026667 ACAD11
C2 132432988 132689894 11 34.69839091 40.9335 132681471 132727740 ENSFCAG00000007537 ACPP
C2 132432988 132689894 11 34.69839091 40.9335 132500990 132628147 ENSFCAG00000003874 DNAJC13
C2 133637379 133704952 1 21.8957 21.8957 133639435 133641053 ENSFCAG00000033878 NUDT16
C2 133637379 133704952 1 21.8957 21.8957 133655037 133922075 ENSFCAG00000001171 NEK11
D1 27573630 27695052 4 23.439575 24.4872 27644373 27681662 ENSFCAG00000032007 SNX19
D1 29535995 29621998 2 24.65515 24.6748 29119462 30190515 ENSFCAG00000001808 OPCML
D1 30155006 30287762 3 23.81973333 24.3248 29119462 30190515 ENSFCAG00000001808 OPCML
D1 67444468 67701829 9 23.99558889 28.3826 67584644 67593560 ENSFCAG00000008413 C11orf16
D1 67444468 67701829 9 23.99558889 28.3826 67597387 67597932 ENSFCAG00000008414 ASCL3
D1 67444468 67701829 9 23.99558889 28.3826 67396933 67452054 ENSFCAG00000008409 ST5
D1 67444468 67701829 9 23.99558889 28.3826 67576582 67584683 ENSFCAG00000006543 AKIP1
D1 67444468 67701829 9 23.99558889 28.3826 67602528 67619485 ENSFCAG00000036266 TMEM9B
D1 67444468 67701829 9 23.99558889 28.3826 67671246 67735149 ENSFCAG00000015237 SCUBE2
D1 67444468 67701829 9 23.99558889 28.3826 67632035 67656708 ENSFCAG00000031844 NRIP3
D1 67916561 68109924 5 25.94144 30.3952 67902682 67929285 ENSFCAG00000024281 TMEM41B
D1 67916561 68109924 5 25.94144 30.3952 68046829 68103865 ENSFCAG00000002342 ZNF143
D1 67916561 68109924 5 25.94144 30.3952 67991542 68038922 ENSFCAG00000030327 IPO7
D1 78683369 78755887 2 23.1397 23.89 78178995 79066844 ENSFCAG00000001799 NELL1
D1 78725662 78888766 11 25.67578182 28.5265 78178995 79066844 ENSFCAG00000001799 NELL1
D1 86817712 87078197 15 29.43488 38.4439 86725348 86900880 ENSFCAG00000001706 MPPED2
D1 87068641 87212942 6 23.68638333 27.2503 87136135 87615430 ENSFCAG00000007915 NA
D2 16634648 16975927 34 41.66802647 59.7659 16909608 17065406 ENSFCAG00000002499 DISC1
D2 33352268 33498333 10 24.99587 27.1733 33377189 33384265 ENSFCAG00000001230 NODAL
D2 33352268 33498333 10 24.99587 27.1733 33349266 33367546 ENSFCAG00000036699 EIF4EBP2
D2 33352268 33498333 10 24.99587 27.1733 33411092 33486279 ENSFCAG00000001231 PALD1
D2 43539612 43671522 6 27.06858333 30.2718 42897445 43960461 ENSFCAG00000014132 NRG3
D2 43644937 43712108 1 21.7069 21.7069 42897445 43960461 ENSFCAG00000014132 NRG3
D2 46613174 46772934 8 23.574875 25.4744 46770839 46865856 ENSFCAG00000015013 WAPL
D2 46613174 46772934 8 23.574875 25.4744 45989610 46686676 ENSFCAG00000011060 GRID1
D3 58238309 58523645 27 31.83146667 42.0475 58278338 58466783 ENSFCAG00000011492 DTNA
D3 58693678 59239229 25 32.971176 46.1843 58787512 58801079 ENSFCAG00000023533 ZNF397
D3 58693678 59239229 25 32.971176 46.1843 59069422 59070257 ENSFCAG00000034299 NA
D3 58693678 59239229 25 32.971176 46.1843 59230854 59231225 ENSFCAG00000030023 NA
D3 58693678 59239229 25 32.971176 46.1843 58799052 58804801 ENSFCAG00000033158 ZSCAN30
D3 58693678 59239229 25 32.971176 46.1843 58810220 58832814 ENSFCAG00000040086 NA
D3 58693678 59239229 25 32.971176 46.1843 58875423 58886151 ENSFCAG00000003290 ZNF396
D3 58693678 59239229 25 32.971176 46.1843 58846367 58857408 ENSFCAG00000038036 ZNF24
D3 58693678 59239229 25 32.971176 46.1843 58961992 58983593 ENSFCAG00000003291 INO80C
D3 58693678 59239229 25 32.971176 46.1843 59102485 59182719 ENSFCAG00000027087 GALNT1
D3 76579066 76764831 9 24.09244444 27.4581 76723868 76724110 ENSFCAG00000038219 NA
D3 76579066 76764831 9 24.09244444 27.4581 76372871 76723113 ENSFCAG00000014682 TCF4
D4 24457257 24540820 3 22.82056667 24.0604 24346061 24666200 ENSFCAG00000023456 FRMD3
D4 30382157 30482561 1 24.3993 24.3993 30425003 30451261 ENSFCAG00000015587 ZNF367
D4 30382157 30482561 1 24.3993 24.3993 30358689 30422602 ENSFCAG00000015586 NA
D4 36103638 36169779 1 23.1308 23.1308 35801594 36223725 ENSFCAG00000024457 PTPRD
D4 57287336 57373164 1 26.1848 26.1848 57289594 57300800 ENSFCAG00000008729 DNAJA1
D4 57287336 57373164 1 26.1848 26.1848 57306553 57335952 ENSFCAG00000008730 SMU1
D4 57287336 57373164 1 26.1848 26.1848 57352603 57410186 ENSFCAG00000031666 B4GALT1
D4 58655694 58975630 6 29.14955 32.9632 58841222 58845233 ENSFCAG00000044063 C9orf131
D4 58655694 58975630 6 29.14955 32.9632 58869099 58876059 ENSFCAG00000044117 FANCG
D4 58655694 58975630 6 29.14955 32.9632 58891718 58895030 ENSFCAG00000001123 STOML2
D4 58655694 58975630 6 29.14955 32.9632 58914728 58915117 ENSFCAG00000040016 NA
D4 58655694 58975630 6 29.14955 32.9632 58665810 58672192 ENSFCAG00000046507 FAM205C
D4 58655694 58975630 6 29.14955 32.9632 58766732 58792112 ENSFCAG00000029774 PHF24
D4 58655694 58975630 6 29.14955 32.9632 58799412 58808189 ENSFCAG00000001106 DNAJB5
D4 58655694 58975630 6 29.14955 32.9632 58852287 58867813 ENSFCAG00000001112 VCP
D4 58655694 58975630 6 29.14955 32.9632 58879651 58887877 ENSFCAG00000001120 PIGO
D4 58655694 58975630 6 29.14955 32.9632 58897059 58907299 ENSFCAG00000001125 FAM214B
D4 58655694 58975630 6 29.14955 32.9632 58924298 59162036 ENSFCAG00000012434 UNC13B
D4 67373799 67443476 1 21.8541 21.8541 67423128 67487439 ENSFCAG00000002327 SMC2
D4 78514570 78573881 2 22.0554 22.4215 78095875 79013642 ENSFCAG00000011484 ASTN2
D4 87866570 88009959 8 34.0060125 40.2565 87732240 87958960 ENSFCAG00000008696 RALGPS1
D4 87866570 88009959 8 34.0060125 40.2565 88003626 88114980 ENSFCAG00000019243 GARNL3
E1 24612451 24873938 16 35.00834375 43.9907 24629058 24637098 ENSFCAG00000007033 DHRS11
E1 24612451 24873938 16 35.00834375 43.9907 24680706 24682211 ENSFCAG00000026395 PIGW
E1 24612451 24873938 16 35.00834375 43.9907 24716091 24716216 ENSFCAG00000041062 NA
E1 24612451 24873938 16 35.00834375 43.9907 24623880 24627394 ENSFCAG00000031667 MRM1
E1 24612451 24873938 16 35.00834375 43.9907 24686415 24715225 ENSFCAG00000011616 MYO19
E1 24612451 24873938 16 35.00834375 43.9907 24636968 24674191 ENSFCAG00000007032 GGNBP2
E2 349149 455468 3 22.951 24.364 385616 391916 ENSFCAG00000034735 ZNF132
E2 349149 455468 3 22.951 24.364 439816 440823 ENSFCAG00000045568 RNF225
E2 349149 455468 3 22.951 24.364 442427 448523 ENSFCAG00000027978 RPS5
E2 349149 455468 3 22.951 24.364 409534 429657 ENSFCAG00000031378 ZNF584
E3 8740247 8886742 13 32.35076923 36.9961 8642104 9021382 ENSFCAG00000034298 NA
E3 10553194 10715087 8 32.0204625 41.4244 10625120 10625488 ENSFCAG00000040567 NA
E3 10553194 10715087 8 32.0204625 41.4244 10541904 10571959 ENSFCAG00000044781 ELN
E3 10553194 10715087 8 32.0204625 41.4244 10581315 10609784 ENSFCAG00000009702 LIMK1
E3 10553194 10715087 8 32.0204625 41.4244 10647213 10670883 ENSFCAG00000029386 EIF4H
E3 10553194 10715087 8 32.0204625 41.4244 10681557 10688058 ENSFCAG00000009704 LAT2
E3 10553194 10715087 8 32.0204625 41.4244 10692876 10712583 ENSFCAG00000009705 RFC2
E3 10709579 10767915 1 22.2474 22.2474 10692876 10712583 ENSFCAG00000009705 RFC2
E3 10709579 10767915 1 22.2474 22.2474 10739713 10818750 ENSFCAG00000006550 CLIP2
E3 10754286 10825057 3 26.60216667 27.9863 10739713 10818750 ENSFCAG00000006550 CLIP2
E3 19778591 20021311 10 48.88294 49.4277 20007383 20008559 ENSFCAG00000007857 AHSP
E3 19778591 20021311 10 48.88294 49.4277 20016558 20031286 ENSFCAG00000029973 C16orf58
F1 13083250 13288693 19 29.70766316 43.9013 13210012 13213171 ENSFCAG00000029190 NA
F1 17125552 17223392 2 23.27175 23.4322 17201587 17213083 ENSFCAG00000041001 TNFSF18
F1 47350499 47455738 3 28.1746 29.138 47129140 47492053 ENSFCAG00000030400 KCNT2
F2 46073411 46195021 3 26.885 29.2413 46121204 46179417 ENSFCAG00000022136 MTDH
F2 46402271 46565066 9 23.8383 26.9296 46452506 46456528 ENSFCAG00000002165 NA
F2 46402271 46565066 9 23.8383 26.9296 46498761 46512789 ENSFCAG00000002167 RIDA
F2 46402271 46565066 9 23.8383 26.9296 46465594 46489551 ENSFCAG00000041699 NA
F2 46402271 46565066 9 23.8383 26.9296 46311388 46447667 ENSFCAG00000002164 MATN2
F2 46402271 46565066 9 23.8383 26.9296 46513935 46547315 ENSFCAG00000002168 POP1
F2 54777200 54927162 5 28.50782 35.1481 54585833 54830740 ENSFCAG00000045651 ANGPT1
